,PL21 - Małopolskie,PL22 - Śląskie,PL41 - Wielkopolskie,PL42 - Zachodniopomorskie,PL43 - Lubuskie,PL51 - Dolnośląskie,PL52 - Opolskie,PL61 - Kujawsko-Pomorskie,PL62 - Warmińsko-Mazurskie,PL63 - Pomorskie,PL71 - Łódzkie,PL72 - Świętokrzyskie,PL81 - Lubelskie,PL82 - Podkarpackie,PL84 - Podlaskie,PL9 - Mazowieckie,CZ010 - Prague,CZ020 - Central Bohemian,CZ031 - South Bohemian,CZ032 - Plzeň,CZ041 - Karlovy Vary,CZ042 - Ústí nad Labem,CZ051 - Liberec,CZ052 - Hradec Králové,CZ053 - Pardubice,CZ063 - Vysočina,CZ064 - South Moravian,CZ071 - Olomouc,CZ072 - Zlín,CZ080 - Moravian-Silesian,SE110 - Stockholm,SE121 - Uppsala,SE122 - Södermanland,SE123 - Östergötland,SE124 - Örebro,SE125 - Västmanland,SE211 - Jönköping,SE212 - Kronoberg,SE213 - Kalmar,SE214 - Gotland,SE221 - Blekinge,SE224 - Skåne,SE231 - Halland,SE232 - Västra Götaland,SE311 - Värmland,SE312 - Dalarna,SE313 - Gävleborg,SE321 - Västernorrland,SE322 - Jämtland,SE331 - Västerbotten,SE332 - Norrbotten
PL21 - Małopolskie,0.0,207.2108520308929,147.73673698990785,267.82253177089507,187.98119214869246,163.99163693955956,177.08379290330356,243.96842754504576,259.3554397169939,197.05375269086053,99.59487278569614,82.94137843141101,199.30619817030527,107.91155237823466,215.17503214852593,257.4985846240023,713.7768813355264,925.1695945817582,668.666400268981,1187.7952252321993,1098.5167690449794,691.3101781453805,960.6631424284951,1192.6511749831427,924.5471633630257,748.2324734845457,698.8619242462527,700.2983285481778,886.2230011312796,978.728864648891,370.80024958058453,354.9633541932547,282.83578689929124,366.5685438215694,287.2553378190156,370.9719628351802,322.6464388992504,469.48941590739554,421.0215084480553,424.59373517753545,506.30223060849505,654.608155087141,595.5003337160914,408.29818706940205,362.41234107279865,324.04983790983067,801.9161620073728,459.76787241850656,384.0341633915889,386.8815765969997,375.1048472866293
PL22 - Śląskie,207.2108520308929,0.0,141.53563888721692,285.87404448582805,214.16972478999242,100.37826476528801,256.7770986957549,234.61343399908543,338.32217710677287,240.40936190902357,230.41299682875177,267.0173641602283,363.7576772872945,308.4839587815413,422.38588417941884,362.1658270104473,685.2844809613359,896.6771942075677,690.8413935198537,1159.3028248580088,1084.777715441972,659.3015015523882,932.1707420543046,1151.2505570599928,883.1465454398757,706.8318555613957,657.4613063231027,747.9707233864034,956.1098138365502,937.328246725741,331.46432585155196,302.56361446669996,359.9030836642945,438.4990307034882,260.2504693717083,368.2756894485189,276.0132337115198,465.6498894168093,413.3224900491896,504.75135420832606,463.35881831990537,613.207537163991,554.0997157929414,365.35477478081236,453.1875157489025,361.5923813864484,749.5164222808181,407.3681326919518,389.029286979354,498.76141716149414,371.78067544164657
PL41 - Wielkopolskie,147.73673698990785,141.53563888721692,0.0,219.74742053154978,203.9862515317992,186.28257018595914,211.09617326024824,162.1756389702386,243.36150308595245,176.6890693223346,139.63918357297825,172.05669013940786,310.1391653009263,213.52328476072086,327.4252101585984,304.2474843418697,684.4138919967513,918.9523135320544,664.3739010937741,1158.4322358934241,1062.2315629198365,687.0176789701736,931.3001530897201,1059.2879552433199,877.3834762676473,614.8692537447228,565.4987045064297,702.4132559357886,910.5523463859354,845.3656449090681,260.5174061177149,241.01512617275472,301.98474099571695,380.5806880349106,261.090775727264,305.30967548987496,234.88397762240317,440.3089279349553,391.84102047561504,409.79068018750564,404.6623436980054,521.244935347318,462.1371139762685,301.0321872443759,395.26917308032495,303.6740387178708,657.4976419324773,405.987404986773,400.03922277469565,403.8007431406737,365.8478794884295
PL42 - Zachodniopomorskie,267.82253177089507,285.87404448582805,219.74742053154978,0.0,157.15825600476396,242.6548293944947,206.21982987238783,229.38759305492752,253.6708032225965,179.82644963859696,188.9249902731449,251.62864786285172,192.0829625580888,254.6323461692635,200.63515488380608,208.350196357164,689.7393138092654,940.9436631863093,687.831955014833,1163.7576577059383,1035.6791440053578,709.0090286244287,939.2666122322487,978.2961190003175,882.7088980801614,667.2260243132392,510.0038295492723,744.9612848813829,953.1003753315297,727.4937994725583,232.3005741568135,230.88169166675803,222.05025305523674,342.5824750262638,276.04215193942946,277.63459298622195,242.62096162101304,448.0459119335652,399.57800447422494,220.61403049967578,308.629811877312,403.37308991080835,344.2652685397588,206.40877751832429,301.2401761604866,246.76897926794717,534.0936302364778,420.0095482957215,308.24559519503,340.5417959451504,363.8307468590723
PL43 - Lubuskie,187.98119214869246,214.16972478999242,203.9862515317992,157.15825600476396,0.0,174.72509770419435,166.14712391538504,206.07806038477793,141.2864679745455,102.97694351929184,165.61545760299532,149.40547545023773,214.85987229851753,181.89309204997642,215.12672575102727,197.02641729715467,594.0120666802178,821.8750342811891,653.5075626732857,1068.0304105768907,1037.8952714889963,589.9403997193084,840.8983277731866,1098.5743658115741,830.470354191457,677.6938458154953,604.785115074684,710.6368925398355,918.7759829899823,884.6520554773223,257.5650954734237,261.43727672022874,243.01376898372234,381.35183829165146,299.9546649631801,301.1229764578073,266.1093450925984,471.53429540515054,423.0663879458103,307.72599886940014,403.32098161538374,560.5313459155723,501.4235245445227,305.31693807629074,288.04810603560986,261.1441605740252,660.4343091859861,450.56513334919225,331.73397866661537,297.6581857425807,382.4159484719421
PL51 - Dolnośląskie,163.99163693955956,100.37826476528801,186.28257018595914,242.6548293944947,174.72509770419435,0.0,206.72209699349946,258.3157198402524,295.1029620154395,197.78861915155937,217.85311705846985,223.79814906889493,320.53846219596113,265.2647436902079,379.1666690880855,325.3470341710945,681.3109054279759,898.3676182015574,718.2498255475869,1155.3292493246488,1080.5678650195282,666.4329836396769,928.1971665209446,1155.70211470862,887.598103088503,711.283413210023,661.91286397173,775.3791554141366,983.5182458642834,941.7798043743683,315.3828529827524,292.2499315964175,323.0842908249417,401.6802378641354,256.2258282379356,325.05647435718555,274.13105629176044,438.45990632631555,389.9919988669753,461.5321391169927,461.47664090014604,617.6590948126183,558.5512734415687,363.47259736105303,416.3687229095497,324.7735885470956,739.2027394105357,397.0544498216694,370.7780689470908,455.5422020701608,365.2561853889241
PL52 - Opolskie,177.08379290330356,256.7770986957549,211.09617326024824,206.21982987238783,166.14712391538504,206.72209699349946,0.0,197.04657876549896,285.0737941609558,201.7515892440112,138.37624588912945,148.51614398934944,168.65458318780117,223.95111011113397,172.44457209458602,293.94200475988646,746.645891600512,972.3466541246687,717.7682416863884,1220.664235497185,1088.6577726338483,740.4120195627879,993.5321526934808,1147.635939679198,939.6154758714081,703.2172381806009,653.8466889423079,655.283093244233,842.0465984222194,933.7136293449462,294.0666107680299,279.67734886249906,291.6792614137337,370.27520845292736,262.7596424477425,281.4056098685194,266.5408024313364,444.99372053612245,396.5258130767822,295.17793390006443,453.88638703972197,609.5929197831962,550.4850984121466,355.88234350062896,384.9636934983417,293.36855913588755,726.6301566766172,413.2602114503571,348.31372741093946,393.7050165728632,362.99201757432513
PL61 - Kujawsko-Pomorskie,243.96842754504576,234.61343399908543,162.1756389702386,229.38759305492752,206.07806038477793,258.3157198402524,197.04657876549896,0.0,225.65385779774286,189.8221058120015,145.58678401428966,242.45539675596285,210.74758454098395,230.7782419434142,211.0144379934937,162.9881123967231,631.7207716457983,846.4803288138635,591.9019163755833,1105.7391155424712,998.5238123156836,614.5456942519828,878.607032738767,950.589360913699,824.6903559166942,506.17065941510197,456.8001101768089,636.5004671783227,844.6395576284694,736.6670505794473,248.62531419228947,260.6680284201733,336.5647031980943,368.6858957329723,287.28872240450096,299.65946525179857,258.945701656489,464.37065196904115,415.9027445097009,355.39039827305106,389.1060356448816,412.5463410176972,353.43851964664765,296.4807000331657,397.7937638689908,315.1350939480561,557.9477344623272,449.7958850491368,428.8031829324101,377.31890314288694,379.3534305451678
PL62 - Warmińsko-Mazurskie,259.3554397169939,338.32217710677287,243.36150308595245,253.6708032225965,141.2864679745455,295.1029620154395,285.0737941609558,225.65385779774286,0.0,114.96771614626562,240.568451224882,270.8583916305363,289.31321819940564,250.44761338109856,214.26131860504537,194.29466059108563,592.7491650685133,687.2728599637128,710.6877218854165,948.7642986061392,982.9066547475722,579.1080900760093,721.632215802435,958.0231947009972,689.9191830808802,657.85135790204,532.8595964198557,767.8170517519663,975.9561422021131,744.1008843667455,276.5154311289951,312.6024210661466,275.42194943028414,400.30217394722285,329.41384831447687,314.1220246014513,279.1083932362424,484.53334354879456,436.0654360894543,321.6968147044393,315.0980332881693,419.9801748049955,360.87235343394593,242.89620913355367,283.5048080055286,288.63285689304973,542.560722290379,501.7302776951101,344.7330268102594,198.58525625269294,381.32595690951837
PL63 - Pomorskie,197.05375269086053,240.40936190902357,176.6890693223346,179.82644963859696,102.97694351929184,197.78861915155937,201.7515892440112,189.8221058120015,114.96771614626562,0.0,157.2462463079374,197.4473353773796,270.2181944079735,189.07466638515803,270.48504786048323,127.55841501953515,558.8794889738531,770.5950648806574,670.2953602165412,1032.897832870526,1003.8623017525362,543.2763380902679,805.7657500668217,995.5974222922822,751.849073244749,581.7809101754603,501.80817155539216,727.4246900830909,935.5637805332377,781.6751119580305,256.20740762830593,283.623261249557,241.65608113860458,379.9941504465337,298.59697711806234,293.261547513004,258.24791614779514,463.6728664603473,415.204959001007,363.0843209788561,352.513354814001,457.55440239628047,398.4465810252309,234.45162117612907,273.018588292074,259.7864727289074,630.1252649630636,472.7511178785205,323.8725497218121,312.7211965474303,372.2304473385592
PL71 - Łódzkie,99.59487278569614,230.41299682875177,139.63918357297825,188.9249902731449,165.61545760299532,217.85311705846985,138.37624588912945,145.58678401428966,240.568451224882,157.2462463079374,0.0,143.69510408272305,175.5278389161482,145.40547707837848,191.97288735066707,164.6083007688915,701.59424684552,927.8413111885949,673.2628987503147,1175.6125907421929,1076.8596265170095,695.9066766267142,948.4805079384888,1096.1761449279886,894.563831116416,651.7574434293916,602.3868941910986,692.1129036362323,900.2519940863791,882.2538345937369,291.21780922240134,256.18515941043233,296.1021004163117,342.9461297899811,261.54895646150976,281.7703230548741,234.72733859429837,440.1522889068505,391.68438144751025,324.9988623918393,413.2923853807942,558.1331250319869,499.0253036609373,315.2883418417012,357.3311610872082,274.6724911662735,703.1379672245505,415.2356107267334,388.3405801506275,369.7886420917424,365.7959113303682
PL72 - Świętokrzyskie,82.94137843141101,267.0173641602283,172.05669013940786,251.62864786285172,149.40547545023773,223.79814906889493,148.51614398934944,242.45539675596285,270.8583916305363,197.4473353773796,143.69510408272305,0.0,139.57778837791875,149.5602460580718,155.36852001919056,185.0355191352137,722.8438896174557,958.1312515942492,703.552839155969,1196.8622335141288,1090.970820795828,726.1966170323685,969.7301507104246,1193.0447576696617,924.9407460495447,748.6260561710649,699.2555069327718,700.6919112346968,905.838053370248,979.12244733541,381.6665017408109,332.2303926835442,240.94759716735587,375.3344642828743,295.14477949167883,372.2190155732836,313.48711065974936,477.37885758005876,428.9109501207185,398.2908185153708,500.83269526813496,655.0017377736601,595.8939164026106,402.82865172904195,289.29013881012884,301.31687640012024,779.1832004976624,446.0476387330749,337.5785408415236,394.21538138317925,377.83274580437944
PL81 - Lubelskie,199.30619817030527,363.7576772872945,310.1391653009263,192.0829625580888,214.85987229851753,320.53846219596113,168.65458318780117,210.74758454098395,289.31321819940564,270.2181944079735,175.5278389161482,139.57778837791875,0.0,160.42880529710806,103.89767043530429,298.74194112654055,718.4966084385707,976.5860781631185,722.0076657248383,1192.5149523352436,1072.2564879908946,744.6514436012378,974.9090272090579,1133.499072364899,911.4661927094667,689.0803708663019,639.7098216280089,725.482037429608,933.6211278797548,919.5767620306472,302.32273874264564,282.77788252103653,256.64039179577196,378.3492100995917,304.47037016462764,292.9139796725576,260.8126688655015,463.3252986199009,414.8573911605606,340.88048283794717,448.1582534738871,595.4560524688972,536.3482310978476,350.1542099347941,328.3138001242032,260.8992716182945,711.2885642381266,471.90573915000004,349.93562244299346,376.75218019079875,372.83331233011796
PL82 - Podkarpackie,107.91155237823466,308.4839587815413,213.52328476072086,254.6323461692635,181.89309204997642,265.2647436902079,223.95111011113397,230.7782419434142,250.44761338109856,189.07466638515803,145.40547707837848,149.5602460580718,160.42880529710806,0.0,144.92571024570833,164.45644226585404,647.58149555492,869.5012235013442,614.9228110630639,1121.599839451593,1088.8594139581035,637.5665889394635,894.4677566478888,1145.3801871417534,877.2761755216362,700.9614856431563,651.5909364048632,655.5269725444535,863.6660629946003,931.4578768075015,380.95969596121745,341.7731685916232,281.05928758123383,419.39735688916295,338.0001835606916,377.1902283155635,323.27451600574204,502.38993298898026,453.92202552964,430.8120006579187,510.62010061412764,607.3371672457515,548.229345874702,412.61605707503463,356.3242409740826,310.8596523081991,788.7259764057413,511.31889057609254,377.94606329287285,345.9252333125182,390.3361992203892
PL84 - Podlaskie,215.17503214852593,422.38588417941884,327.4252101585984,200.63515488380608,215.12672575102727,379.1666690880855,172.44457209458602,211.0144379934937,214.26131860504537,270.48504786048323,191.97288735066707,155.36852001919056,103.89767043530429,144.92571024570833,0.0,299.0087945790503,663.171473722293,900.9423594051456,708.4590528794645,1137.189817618966,1040.632257400014,686.7163032484909,910.0577348152617,1112.3644604565195,856.141057993189,667.9457589579224,618.5752097196294,765.5883827460143,973.7274731961611,898.4421501222677,309.82784105503094,326.95710037271675,296.11207482333157,412.6840160759129,350.10397370752423,320.05075094472346,285.0371195795146,490.4620698920667,441.99416243272645,370.76227749809016,429.1541191550276,574.3214405605177,515.2136191894681,339.05514133334935,262.6865012306275,306.5328751611911,734.7287851202839,516.0849570016803,350.66175315353155,325.3419289349837,374.5546555739138
PL9 - Mazowieckie,257.4985846240023,362.1658270104473,304.2474843418697,208.350196357164,197.02641729715467,325.3470341710945,293.94200475988646,162.9881123967231,194.29466059108563,127.55841501953515,164.6083007688915,185.0355191352137,298.74194112654055,164.45644226585404,299.0087945790503,0.0,606.679392836804,818.0721060830359,651.6513787298873,1080.697736733477,1044.4731518423807,579.7129323797129,853.5656539297728,1107.4336346926325,839.3296230725155,663.0149331940355,613.6443839557425,708.7807085964369,916.9197990465836,893.5113243583808,301.61518863615277,272.2843054689342,233.6232830535455,371.9613523614746,290.56417903300326,310.2084462859119,261.81413291376793,467.2390832263201,418.7711757669798,391.60806769742317,421.1023662958677,569.3906147966308,510.2827934255812,323.5634694961178,283.971926357853,251.75367464384834,719.2371132830524,449.23300919510245,327.4387664877849,354.7339006458069,376.3094032870017
CZ010 - Prague,713.7768813355264,685.2844809613359,684.4138919967513,689.7393138092654,594.0120666802178,681.3109054279759,746.645891600512,631.7207716457983,592.7491650685133,558.8794889738531,701.59424684552,722.8438896174557,718.4966084385707,647.58149555492,663.171473722293,606.679392836804,0.0,278.19735725873494,517.1109786062386,474.01834389667295,705.6592133852046,288.336171821914,453.76271768600367,590.7087123391581,418.3106465128396,609.6032190891517,298.00524960556805,374.15476249473915,521.4516987327263,353.7412374893977,611.6491292801038,645.092000265426,690.337255038429,639.9629742880447,647.070149492383,705.8453467136083,661.5127368898017,672.3567123766225,694.488392765538,777.8013724353832,757.2790337436234,640.3875222525058,677.6355798751736,656.5497636139752,697.4742137572279,665.7098486682137,699.8566289485799,713.220579654992,690.1773422192805,709.9170941224073,686.0639882038078
CZ020 - Central Bohemian,925.1695945817582,896.6771942075677,918.9523135320544,940.9436631863093,821.8750342811891,898.3676182015574,972.3466541246687,846.4803288138635,687.2728599637128,770.5950648806574,927.8413111885949,958.1312515942492,976.5860781631185,869.5012235013442,900.9423594051456,818.0721060830359,278.19735725873494,0.0,383.8099665032338,262.62563065044105,604.6410804514053,238.359173703323,190.99835550050216,511.7943555910662,186.95618201190587,501.57161227511574,467.38932888655575,499.8321077967896,664.2707498989863,605.6193747448364,823.7445371824963,897.7682417654402,870.9265573292447,886.1250525937173,862.3785736270529,934.5120097102999,791.7404050550763,950.3026813265012,849.5340126319262,996.9446818328491,997.660220948078,896.0186535953122,762.3149548161462,821.012776278621,908.8669270034598,902.759840680437,784.5360038895525,932.1712194818679,823.6129172082037,794.5964690633799,770.7433631447803
CZ031 - South Bohemian,668.666400268981,690.8413935198537,664.3739010937741,687.831955014833,653.5075626732857,718.2498255475869,717.7682416863884,591.9019163755833,710.6877218854165,670.2953602165412,673.2628987503147,703.552839155969,722.0076657248383,614.9228110630639,708.4590528794645,651.6513787298873,517.1109786062386,383.8099665032338,0.0,646.4355971536748,771.8808423917566,228.7748067843246,419.30351434997067,624.6314558709231,365.3868375278979,242.83222591273818,294.8458835741461,259.7920308533328,409.6923374607061,400.4606648049175,729.587686097007,763.0305570823292,808.2758118553322,743.9935116533393,654.5121584956294,788.729914343762,779.4512937067049,752.4689662442418,821.8514641112563,798.6946043516396,813.2586659205216,758.326079069409,795.5741366920768,774.4883204308784,826.5131026357948,780.0168863809877,817.7951857654831,845.4607089932911,857.5225216992142,827.8556509393105,808.0727693119718
CZ032 - Plzeň,1187.7952252321993,1159.3028248580088,1158.4322358934241,1163.7576577059383,1068.0304105768907,1155.3292493246488,1220.664235497185,1105.7391155424712,948.7642986061392,1032.897832870526,1175.6125907421929,1196.8622335141288,1192.5149523352436,1121.599839451593,1137.189817618966,1080.697736733477,474.01834389667295,262.62563065044105,646.4355971536748,0.0,562.6111485025898,500.98480435376405,313.37289024520135,626.3138854499152,358.2098738297982,764.1972429255568,730.0149595369968,762.4577384472307,913.3867288124998,827.7595813860706,1040.8581452490175,1116.8627079173064,1106.7998617936705,1113.9813181847178,1121.0884933890559,1179.8636906102813,978.1752659700155,1136.8595466222898,1085.064296433257,1251.819716332056,1231.2973776402964,1096.4149782306545,888.0560817222645,962.8211321310323,1171.4925576539008,1139.7281925648865,899.6374755788886,1151.8188015546525,1054.0703054130531,897.5366684096891,977.2317782680163
CZ041 - Karlovy Vary,1098.5167690449794,1084.777715441972,1062.2315629198365,1035.6791440053578,1037.8952714889963,1080.5678650195282,1088.6577726338483,998.5238123156836,982.9066547475722,1003.8623017525362,1076.8596265170095,1090.970820795828,1072.2564879908946,1088.8594139581035,1040.632257400014,1044.4731518423807,705.6592133852046,604.6410804514053,771.8808423917566,562.6111485025898,0.0,760.2218476974892,560.4828917959198,446.2001748601159,552.9939548802613,843.4801670359658,802.0432356550225,786.5525352523837,889.1076440325728,854.9870278934213,1017.4700991144771,1006.8114700566358,1045.1298374216015,970.8428248653745,1029.3288565075827,1028.11946814464,894.2128997221835,985.1153241566485,1010.4169344856114,1119.5057960792635,1079.553155174655,944.6707557650133,840.5968644021191,912.7893543949447,1029.4370485411391,1046.404683483402,947.0168995305735,1000.0745790890112,961.1331369492518,915.3066219072606,969.8826166432261
CZ042 - Ústí nad Labem,691.3101781453805,659.3015015523882,687.0176789701736,709.0090286244287,589.9403997193084,666.4329836396769,740.4120195627879,614.5456942519828,579.1080900760093,543.2763380902679,695.9066766267142,726.1966170323685,744.6514436012378,637.5665889394635,686.7163032484909,579.7129323797129,288.336171821914,238.359173703323,228.7748067843246,500.98480435376405,760.2218476974892,0.0,342.8922232917258,645.1746756286286,330.067923970052,324.7378676476179,284.8236557365956,266.8247067061544,439.2782448834282,435.5198219645534,591.8099026206157,665.8336072035595,690.0189354763608,690.8942137166554,671.6895578874088,702.5773751484192,619.4172169556152,787.5281234038777,746.5863576227187,794.1517993478849,787.5530179316148,717.0978107276725,682.890176198814,649.934932311432,751.2479961472571,670.8252061185564,739.2616579536977,770.1956025047534,782.2574152106765,730.7731354211533,732.8076628234342
CZ051 - Liberec,960.6631424284951,932.1707420543046,931.3001530897201,939.2666122322487,840.8983277731866,928.1971665209446,993.5321526934808,878.607032738767,721.632215802435,805.7657500668217,948.4805079384888,969.7301507104246,974.9090272090579,894.4677566478888,910.0577348152617,853.5656539297728,453.76271768600367,190.99835550050216,419.30351434997067,313.37289024520135,560.4828917959198,342.8922232917258,0.0,413.2335052750864,96.94956694302039,537.0651601218526,502.8828767332926,535.3256556435265,686.2546460087956,603.9423237907757,822.0674862284357,896.0911908113795,879.6677789899662,886.8492353810136,893.9564105853517,952.731607806577,790.0633541010156,948.6256303724406,857.9322136295527,1024.6876335283519,1004.1652948365922,894.3416026412516,764.538103387981,819.3357253245604,944.3604748501966,912.5961097611823,786.7591524613874,930.4941685278072,826.9382226093489,796.8196176352149,772.9665117166153
CZ052 - Hradec Králové,1192.6511749831427,1151.2505570599928,1059.2879552433199,978.2961190003175,1098.5743658115741,1155.70211470862,1147.635939679198,950.589360913699,958.0231947009972,995.5974222922822,1096.1761449279886,1193.0447576696617,1133.499072364899,1145.3801871417534,1112.3644604565195,1107.4336346926325,590.7087123391581,511.7943555910662,624.6314558709231,626.3138854499152,446.2001748601159,645.1746756286286,413.2335052750864,0.0,443.85482587377305,696.2307805151323,654.793849134189,643.8868610480043,781.9895700784812,707.7376413725879,1023.7344646742816,975.6699036766354,986.8447094900705,952.2372947078252,992.2293048753957,994.4021519046604,939.5745302877584,951.398007916669,972.5501861634948,1066.3581776264352,1045.8358389346756,918.4493156504626,955.6973732731303,934.611557011932,1114.494324290244,1019.8693972261502,977.9184223465367,991.2823730529487,968.2391356172373,1024.1965287996318,1052.295508663787
CZ053 - Pardubice,924.5471633630257,883.1465454398757,877.3834762676473,882.7088980801614,830.470354191457,887.598103088503,939.6154758714081,824.6903559166942,689.9191830808802,751.849073244749,894.563831116416,924.9407460495447,911.4661927094667,877.2761755216362,856.141057993189,839.3296230725155,418.3106465128396,186.95618201190587,365.3868375278979,358.2098738297982,552.9939548802613,330.067923970052,96.94956694302039,443.85482587377305,0.0,483.14848329977985,448.96619991121986,481.40897882145373,632.3379691867228,546.7108217602937,759.8093856232407,835.8139482915294,825.7511021678935,832.9325585589409,840.039733763279,898.8149309845043,723.1215846182122,881.6838608896371,843.5078316231508,970.7709567062792,950.2486180145195,827.3998331584481,779.8116501992461,752.3939558417569,890.4437980281239,858.6794329391096,836.1831319541297,870.7700419288756,879.1788892111085,827.6946094215854,829.7291368238663
CZ063 - Vysočina,748.2324734845457,706.8318555613957,614.8692537447228,667.2260243132392,677.6938458154953,711.283413210023,703.2172381806009,506.17065941510197,657.85135790204,581.7809101754603,651.7574434293916,748.6260561710649,689.0803708663019,700.9614856431563,667.9457589579224,663.0149331940355,609.6032190891517,501.57161227511574,242.83222591273818,764.1972429255568,843.4801670359658,324.7378676476179,537.0651601218526,696.2307805151323,483.14848329977985,0.0,357.35807031214347,302.91979763951997,422.06409019897785,288.6652004601275,655.5269824099958,714.7227204564507,772.548440566094,737.7799502950807,577.3470443789198,691.6182696152575,682.7628753634356,629.9776738900813,849.68327256578,747.34920263651,878.3699379817014,781.758458553782,812.400943389454,743.7114567530887,852.1249947396014,763.5928799963349,810.4784195642234,843.924789900207,873.7468170583916,769.2777075063458,771.3122349086267
CZ064 - South Moravian,698.8619242462527,657.4613063231027,565.4987045064297,510.0038295492723,604.785115074684,661.91286397173,653.8466889423079,456.8001101768089,532.8595964198557,501.80817155539216,602.3868941910986,699.2555069327718,639.7098216280089,651.5909364048632,618.5752097196294,613.6443839557425,298.00524960556805,467.38932888655575,294.8458835741461,730.0149595369968,802.0432356550225,284.8236557365956,502.8828767332926,654.793849134189,448.96619991121986,357.35807031214347,0.0,234.9574553321105,443.0965457822573,356.0994300621843,551.7595606314462,585.2024316167684,630.4476863897714,566.1653861877785,498.44005413850556,610.9017888782012,601.6231682411441,521.2932917890221,634.5988241168805,620.8664788860788,635.4305404549608,580.4979536038483,617.746011226516,596.6601949653176,635.081375488469,602.1887609154269,639.9670602999223,653.3310110063344,630.2877735706229,650.0275254737497,626.1744195551502
CZ071 - Olomouc,700.2983285481778,747.9707233864034,702.4132559357886,744.9612848813829,710.6368925398355,775.3791554141366,655.283093244233,636.5004671783227,767.8170517519663,727.4246900830909,692.1129036362323,700.6919112346968,725.482037429608,655.5269725444535,765.5883827460143,708.7807085964369,374.15476249473915,499.8321077967896,259.7920308533328,762.4577384472307,786.5525352523837,266.8247067061544,535.3256556435265,643.8868610480043,481.40897882145373,302.91979763951997,234.9574553321105,0.0,208.1390904501468,292.69507243213036,786.7170159635567,820.1598869488789,865.4051417218819,801.122841519889,711.6414883621791,845.8592442103117,836.5806235732546,756.2507471211326,869.556279448991,855.8239342181893,870.3879957870713,815.4554089359588,852.7034665586264,831.6176502974281,870.0388308205795,837.1462162475374,874.9245156320328,888.2884663384449,865.2452289027334,884.9849808058602,861.1318748872607
CZ072 - Zlín,886.2230011312796,956.1098138365502,910.5523463859354,953.1003753315297,918.7759829899823,983.5182458642834,842.0465984222194,844.6395576284694,975.9561422021131,935.5637805332377,900.2519940863791,905.838053370248,933.6211278797548,863.6660629946003,973.7274731961611,916.9197990465836,521.4516987327263,664.2707498989863,409.6923374607061,913.3867288124998,889.1076440325728,439.2782448834282,686.2546460087956,781.9895700784812,632.3379691867228,422.06409019897785,443.0965457822573,208.1390904501468,0.0,464.679884243953,994.8561064137035,1028.2989773990257,1073.5442321720288,1009.2619319700358,919.7805788123259,1053.9983346604583,1044.7197140234014,964.3898375712794,1077.6953698991376,1063.963024668336,1078.527086237218,1023.5944993861056,1060.8425570087732,1039.756740747575,1078.1779212707263,1045.285306697684,1083.0636060821796,1096.4275567885918,1073.38431935288,1093.124071256007,1069.2709653374075
CZ080 - Moravian-Silesian,978.728864648891,937.328246725741,845.3656449090681,727.4937994725583,884.6520554773223,941.7798043743683,933.7136293449462,736.6670505794473,744.1008843667455,781.6751119580305,882.2538345937369,979.12244733541,919.5767620306472,931.4578768075015,898.4421501222677,893.5113243583808,353.7412374893977,605.6193747448364,400.4606648049175,827.7595813860706,854.9870278934213,435.5198219645534,603.9423237907757,707.7376413725879,546.7108217602937,288.6652004601275,356.0994300621843,292.69507243213036,464.679884243953,0.0,809.8121543400299,761.7475933423837,772.9223991558188,738.3149843735735,778.3069945411439,662.0062769614988,669.9535751755661,539.1736388450016,656.2706993608887,799.226939104753,644.115993498131,570.4643243854193,596.1626727648202,661.050181212197,900.5720139559925,805.9470868918985,648.9459996918677,749.0187040941873,745.0481354195915,810.27421846538,838.3731983295352
SE110 - Stockholm,370.80024958058453,331.46432585155196,260.5174061177149,232.3005741568135,257.5650954734237,315.3828529827524,294.0666107680299,248.62531419228947,276.5154311289951,256.20740762830593,291.21780922240134,381.6665017408109,302.32273874264564,380.95969596121745,309.82784105503094,301.61518863615277,611.6491292801038,823.7445371824963,729.587686097007,1040.8581452490175,1017.4700991144771,591.8099026206157,822.0674862284357,1023.7344646742816,759.8093856232407,655.5269824099958,551.7595606314462,786.7170159635567,994.8561064137035,809.8121543400299,0.0,103.71824257674291,263.3746823168307,340.4469481541972,216.76286728354683,147.8058773785311,175.69800540962348,270.6385154950283,218.0083859804062,243.8781964329027,308.59681393768847,485.6914447782799,426.58362340723033,215.37050188725496,302.69297067264625,191.28425968612135,432.56354590858734,279.34418289830165,218.2198346483959,253.45816932435025,260.16453525622774
SE121 - Uppsala,354.9633541932547,302.56361446669996,241.01512617275472,230.88169166675803,261.43727672022874,292.2499315964175,279.67734886249906,260.6680284201733,312.6024210661466,283.623261249557,256.18515941043233,332.2303926835442,282.77788252103653,341.7731685916232,326.95710037271675,272.2843054689342,645.092000265426,897.7682417654402,763.0305570823292,1116.8627079173064,1006.8114700566358,665.8336072035595,896.0911908113795,975.6699036766354,835.8139482915294,714.7227204564507,585.2024316167684,820.1598869488789,1028.2989773990257,761.7475933423837,103.71824257674291,0.0,174.51984523241077,249.36477344147858,156.6889683204547,141.21697455537537,147.36192353780692,224.3464613355244,190.14949551544365,277.69263931518253,217.70738544616574,437.6268837806336,378.519062409584,167.88457756977957,208.02247457570138,153.55127768316194,446.95280781411816,189.1278566289635,189.60312726388327,278.05408104224693,274.9506052981285
SE122 - Södermanland,282.83578689929124,359.9030836642945,301.98474099571695,222.05025305523674,243.01376898372234,323.0842908249417,291.6792614137337,336.5647031980943,275.42194943028414,241.65608113860458,296.1021004163117,240.94759716735587,256.64039179577196,281.05928758123383,296.11207482333157,233.6232830535455,690.337255038429,870.9265573292447,808.2758118553322,1106.7998617936705,1045.1298374216015,690.0189354763608,879.6677789899662,986.8447094900705,825.7511021678935,772.548440566094,630.4476863897714,865.4051417218819,1073.5442321720288,772.9223991558188,263.3746823168307,174.51984523241077,0.0,204.34210002682374,195.3233478373871,292.96301012718726,176.3294804440195,236.4312604127029,187.96335295336263,346.58478246954246,303.78876343552565,448.8016895940688,389.69386822301925,220.90859175783052,132.31470717042635,138.71591144722285,616.582235544765,289.3591931496445,142.8590830406767,313.0684962983548,251.74613399666632
SE123 - Östergötland,366.5685438215694,438.4990307034882,380.5806880349106,342.5824750262638,381.35183829165146,401.6802378641354,370.27520845292736,368.6858957329723,400.30217394722285,379.9941504465337,342.9461297899811,375.3344642828743,378.3492100995917,419.39735688916295,412.6840160759129,371.9613523614746,639.9629742880447,886.1250525937173,743.9935116533393,1113.9813181847178,970.8428248653745,690.8942137166554,886.8492353810136,952.2372947078252,832.9325585589409,737.7799502950807,566.1653861877785,801.122841519889,1009.2619319700358,738.3149843735735,340.4469481541972,249.36477344147858,204.34210002682374,0.0,276.6182275441812,356.72387118103194,233.40205696011628,234.42852794458304,263.101604793673,367.2866162615104,247.60050831178287,460.1907898572948,367.24398614480015,245.18464873322762,202.65443629781032,214.76290036468333,640.8582925201622,363.5350217617421,217.64293140310804,285.04053816812217,233.85943808531363
SE124 - Örebro,287.2553378190156,260.2504693717083,261.090775727264,276.04215193942946,299.9546649631801,256.2258282379356,262.7596424477425,287.28872240450096,329.41384831447687,298.59697711806234,261.54895646150976,295.14477949167883,304.47037016462764,338.0001835606916,350.10397370752423,290.56417903300326,647.070149492383,862.3785736270529,654.5121584956294,1121.0884933890559,1029.3288565075827,671.6895578874088,893.9564105853517,992.2293048753957,840.039733763279,577.3470443789198,498.44005413850556,711.6414883621791,919.7805788123259,778.3069945411439,216.76286728354683,156.6889683204547,195.3233478373871,276.6182275441812,0.0,239.4111075043053,187.30129422292538,281.69640959804883,272.3362281868603,341.66956325330466,301.02289360278155,454.18628497939386,395.0784636083443,207.96813234763835,274.77795036068164,186.24583561741508,603.6417761345729,275.5000148657798,296.39977267947177,335.6796262064728,238.11207518446054
SE125 - Västmanland,370.9719628351802,368.2756894485189,305.30967548987496,277.63459298622195,301.1229764578073,325.05647435718555,281.4056098685194,299.65946525179857,314.1220246014513,293.261547513004,281.7703230548741,372.2190155732836,292.9139796725576,377.1902283155635,320.05075094472346,310.2084462859119,705.8453467136083,934.5120097102999,788.729914343762,1179.8636906102813,1028.11946814464,702.5773751484192,952.731607806577,994.4021519046604,898.8149309845043,691.6182696152575,610.9017888782012,845.8592442103117,1053.9983346604583,662.0062769614988,147.8058773785311,141.21697455537537,292.96301012718726,356.72387118103194,239.4111075043053,0.0,238.74587754722697,249.10736345830327,275.34095736008476,190.22700397713635,300.60357213716793,353.04824271330426,383.5130812009472,231.64742491408973,318.969893699481,238.74273952780308,450.3964898387865,317.91405679188324,235.5943376435068,333.22660274298437,276.9733544636812
SE211 - Jönköping,322.6464388992504,276.0132337115198,234.88397762240317,242.62096162101304,266.1093450925984,274.13105629176044,266.5408024313364,258.945701656489,279.1083932362424,258.24791614779514,234.72733859429837,313.48711065974936,260.8126688655015,323.27451600574204,285.0371195795146,261.81413291376793,661.5127368898017,791.7404050550763,779.4512937067049,978.1752659700155,894.2128997221835,619.4172169556152,790.0633541010156,939.5745302877584,723.1215846182122,682.7628753634356,601.6231682411441,836.5806235732546,1044.7197140234014,669.9535751755661,175.69800540962348,147.36192353780692,176.3294804440195,233.40205696011628,187.30129422292538,238.74587754722697,0.0,313.76606774473476,190.50465141672714,339.5667694018848,322.97122506005036,345.83286561381607,286.7250442427665,109.4354362082282,230.6184387804264,190.1108816563678,479.26972310812243,311.81373468388995,204.8084271023499,253.61073710673517,216.17060062846963
SE212 - Kronoberg,469.48941590739554,465.6498894168093,440.3089279349553,448.0459119335652,471.53429540515054,438.45990632631555,444.99372053612245,464.37065196904115,484.53334354879456,463.6728664603473,440.1522889068505,477.37885758005876,463.3252986199009,502.38993298898026,490.4620698920667,467.2390832263201,672.3567123766225,950.3026813265012,752.4689662442418,1136.8595466222898,985.1153241566485,787.5281234038777,948.6256303724406,951.398007916669,881.6838608896371,629.9776738900813,521.2932917890221,756.2507471211326,964.3898375712794,539.1736388450016,270.6385154950283,224.3464613355244,236.4312604127029,234.42852794458304,281.69640959804883,249.10736345830327,313.76606774473476,0.0,359.59921013630276,386.8272273588817,251.4819722158054,311.97964514246996,498.1723696923749,272.2528190058156,361.39837511099086,266.7734480468969,406.4297645755791,240.34481136068615,244.92959847486148,285.94808729610156,299.19955948453355
SE213 - Kalmar,421.0215084480553,413.3224900491896,391.84102047561504,399.57800447422494,423.0663879458103,389.9919988669753,396.5258130767822,415.9027445097009,436.0654360894543,415.204959001007,391.68438144751025,428.9109501207185,414.8573911605606,453.92202552964,441.99416243272645,418.7711757669798,694.488392765538,849.5340126319262,821.8514641112563,1085.064296433257,1010.4169344856114,746.5863576227187,857.9322136295527,972.5501861634948,843.5078316231508,849.68327256578,634.5988241168805,869.556279448991,1077.6953698991376,656.2706993608887,218.0083859804062,190.14949551544365,187.96335295336263,263.101604793673,272.3362281868603,275.34095736008476,190.50465141672714,359.59921013630276,0.0,364.2875730495766,332.06457186195394,367.87719631913546,255.3504184353695,193.16922695590063,286.2868864620955,191.66195939800147,527.3314105888886,227.1269951041761,248.22767667627716,322.10594571015923,262.00374302003763
SE214 - Gotland,424.59373517753545,504.75135420832606,409.79068018750564,220.61403049967578,307.72599886940014,461.5321391169927,295.17793390006443,355.39039827305106,321.6968147044393,363.0843209788561,324.9988623918393,398.2908185153708,340.88048283794717,430.8120006579187,370.76227749809016,391.60806769742317,777.8013724353832,996.9446818328491,798.6946043516396,1251.819716332056,1119.5057960792635,794.1517993478849,1024.6876335283519,1066.3581776264352,970.7709567062792,747.34920263651,620.8664788860788,855.8239342181893,1063.963024668336,799.226939104753,243.8781964329027,277.69263931518253,346.58478246954246,367.2866162615104,341.66956325330466,190.22700397713635,339.5667694018848,386.8272273588817,364.2875730495766,0.0,379.9851765203359,475.10622954300294,481.2086975828812,288.99858420102373,340.68139583834534,253.84902877876146,543.6248612159607,400.1389315501348,289.216109985862,441.86585817995245,339.40602658623044
SE221 - Blekinge,506.30223060849505,463.35881831990537,404.6623436980054,308.629811877312,403.32098161538374,461.47664090014604,453.88638703972197,389.1060356448816,315.0980332881693,352.513354814001,413.2923853807942,500.83269526813496,448.1582534738871,510.62010061412764,429.1541191550276,421.1023662958677,757.2790337436234,997.660220948078,813.2586659205216,1231.2973776402964,1079.553155174655,787.5530179316148,1004.1652948365922,1045.8358389346756,950.2486180145195,878.3699379817014,635.4305404549608,870.3879957870713,1078.527086237218,644.115993498131,308.59681393768847,217.70738544616574,303.78876343552565,247.60050831178287,301.02289360278155,300.60357213716793,322.97122506005036,251.4819722158054,332.06457186195394,379.9851765203359,0.0,316.5297055199036,470.6377314180261,268.476245509264,355.6029476415157,245.769837034042,482.9269600034572,295.73303427971405,265.3442212448844,358.60546471890405,366.7367791861152
