,PL21 - Małopolskie,PL22 - Śląskie,PL41 - Wielkopolskie,PL42 - Zachodniopomorskie,PL43 - Lubuskie,PL51 - Dolnośląskie,PL52 - Opolskie,PL61 - Kujawsko-Pomorskie,PL62 - Warmińsko-Mazurskie,PL63 - Pomorskie,PL71 - Łódzkie,PL72 - Świętokrzyskie,PL81 - Lubelskie,PL82 - Podkarpackie,PL84 - Podlaskie,PL9 - Mazowieckie,CZ010 - Prague,CZ020 - Central Bohemian,CZ031 - South Bohemian,CZ032 - Plzeň,CZ041 - Karlovy Vary,CZ042 - Ústí nad Labem,CZ051 - Liberec,CZ052 - Hradec Králové,CZ053 - Pardubice,CZ063 - Vysočina,CZ064 - South Moravian,CZ071 - Olomouc,CZ072 - Zlín,CZ080 - Moravian-Silesian,SE110 - Stockholm,SE121 - Uppsala,SE122 - Södermanland,SE123 - Östergötland,SE124 - Örebro,SE125 - Västmanland,SE211 - Jönköping,SE212 - Kronoberg,SE213 - Kalmar,SE214 - Gotland,SE221 - Blekinge,SE224 - Skåne,SE231 - Halland,SE232 - Västra Götaland,SE311 - Värmland,SE312 - Dalarna,SE313 - Gävleborg,SE321 - Västernorrland,SE322 - Jämtland,SE331 - Västerbotten,SE332 - Norrbotten
PL21 - Małopolskie,0.0,0.10757320423338386,0.13461728395061728,0.16666666666666666,0.10627513815767961,0.38461538461538464,0.1016156462585034,1.3256172839506173,0.08771296234611838,0.25846234584098665,0.09316770186335403,0.2631172839506173,0.06709415944925606,0.9506172839506173,0.4506172839506173,0.16122967479674796,0.1424742411584517,0.14611708984922372,0.1574468085106383,0.23633156966490299,2.0,0.46747967479674796,0.27619047619047615,0.46747967479674796,0.4791666666666667,0.29449838187702265,0.12721172589593643,0.21747967479674796,1.0,0.13910424401252094,0.24235859836221674,0.15570175438596492,0.22272039757994813,0.16296839660125922,0.14570175438596492,0.2362346872985171,0.15189947301714363,0.2,0.1875,0.5791666666666666,0.15570175438596492,0.2074468085106383,0.18561187916026625,0.15219605762873442,0.15100691870521374,0.14803891913692277,0.21826883062838118,0.25156445556946183,0.9863445378151261,0.15570175438596492,0.1574468085106383
PL22 - Śląskie,0.10757320423338386,0.0,0.16764354201917653,0.13689670726206585,0.10128988736482758,0.3548454252107838,0.1473001462289964,1.3586435420191765,0.07119741100323625,0.27413516235268504,0.12391754819315667,0.29614354201917653,0.1224558940167826,0.9836435420191766,0.48364354201917653,0.1511968085106383,0.19530652925360123,0.18817441515455724,0.1903381209125407,0.26935782773346223,1.9866141732283464,0.4574468085106383,0.2882882882882883,0.4574468085106383,0.4920876445526476,0.31017119838872104,0.16800760281313334,0.2074468085106383,0.9762076423936554,0.18545271202160477,0.2002135567749035,0.201446361677201,0.20330082283805734,0.19974764750945298,0.19772768231778173,0.22260810350697993,0.2040552402801886,0.20552799433026223,0.20354779631046024,0.5920876445526476,0.20552799433026223,0.2011156397374022,0.20348717800373162,0.20250684629400845,0.1991177379200058,0.1994055453506704,0.1965994229016908,0.23793787177792466,0.9715846994535519,0.20552799433026223,0.2035418970114936
PL41 - Wielkopolskie,0.13461728395061728,0.16764354201917653,0.0,0.16060606060606059,0.184,0.3785547785547786,0.09566326530612244,1.191,0.184,0.187984496124031,0.09523809523809523,0.17095437140394137,0.184,0.8160000000000001,0.316,0.1281340782122905,0.16316666666666665,0.184,0.184,0.10382513661202186,1.937984496124031,0.4194312796208531,0.2427409988385598,0.4194312796208531,0.4732142857142857,0.19047619047619047,0.184,0.17321428571428574,0.967479674796748,0.11620338983050847,0.19266556002096805,0.10382513661202186,0.17302735923869944,0.11492000142536435,0.10112126245847176,0.2437001594896332,0.14285714285714285,0.19393939393939394,0.18154761904761907,0.5732142857142857,0.14285714285714285,0.2149122807017544,0.1935483870967742,0.1335583614618494,0.12222222222222222,0.13882532418001525,0.1685757922871325,0.2590299277605779,0.9899749373433584,0.1263076923076923,0.184
PL42 - Zachodniopomorskie,0.16666666666666666,0.13689670726206585,0.16060606060606059,0.0,0.16666666666666666,0.21794871794871798,0.16666666666666666,1.2797619047619047,0.16666666666666666,0.25,0.08203125,0.21726190476190477,0.14666666666666667,0.9047619047619048,0.40476190476190477,0.1768008474576271,0.1206896551724138,0.16666666666666666,0.1726027397260274,0.19047619047619047,2.0,0.4830508474576271,0.27715355805243447,0.4830508474576271,0.46153846153846156,0.23163841807909602,0.16666666666666666,0.2330508474576271,1.0,0.16338259441707717,0.2648305084745763,0.13924050632911392,0.24519230769230768,0.17853956926213838,0.1212121212121212,0.2513906185139062,0.15486725663716813,0.2,0.16987179487179488,0.5615384615384615,0.16666666666666666,0.2226027397260274,0.18889416231608924,0.15025528811086797,0.1222222222222222,0.16352201257861634,0.24074074074074073,0.26672038678485094,0.9466666666666667,0.16666666666666666,0.1726027397260274
PL43 - Lubuskie,0.10627513815767961,0.10128988736482758,0.184,0.16666666666666666,0.0,0.38461538461538464,0.12244897959183673,0.5,0.09048027444253859,0.2972972972972973,0.09800120434833134,0.1348148148148148,0.11320754716981132,0.8,0.3333333333333333,0.19375,0.1693901854087759,0.1622580713097319,0.2,0.15888626188440064,2.0,0.5,0.3333333333333333,0.5,0.5,0.3333333333333333,0.14209125896830802,0.25,1.0,0.171875,0.2648305084745763,0.17553001783237568,0.24519230769230768,0.19548872180451127,0.1718113384729564,0.2787878787878788,0.17813889643536326,0.2,0.20833333333333334,0.6,0.1796116504854369,0.25,0.20930232558139536,0.17659050244918312,0.17320139407518048,0.17647058823529413,0.24074074074074073,0.29411764705882354,0.9791666666666666,0.1796116504854369,0.2
PL51 - Dolnośląskie,0.38461538461538464,0.3548454252107838,0.3785547785547786,0.21794871794871798,0.38461538461538464,0.0,0.38461538461538464,1.2408536585365852,0.38461538461538464,0.38461538461538464,0.2914476827520306,0.34687953555878087,0.3646153846153846,0.8658536585365854,0.36585365853658536,0.28667724028548774,0.317948717948718,0.38461538461538464,0.38461538461538464,0.38461538461538464,1.9545454545454546,0.4638157894736842,0.38461538461538464,0.4638157894736842,0.4722222222222222,0.38461538461538464,0.38461538461538464,0.38461538461538464,0.8859649122807017,0.38133131236579515,0.36426140231449966,0.3411371237458194,0.35721812434141204,0.35200668896321075,0.33916083916083917,0.36201651455888745,0.3728159745858861,0.18461538461538463,0.3375565610859729,0.5722222222222222,0.38461538461538464,0.32992788461538464,0.3723454459650779,0.368204006059586,0.3401709401709402,0.37899740708729474,0.362970362970363,0.3599240265906933,0.9893048128342246,0.38461538461538464,0.35734265734265735
PL52 - Opolskie,0.1016156462585034,0.1473001462289964,0.09566326530612244,0.16666666666666666,0.12244897959183673,0.38461538461538464,0.0,1.2824074074074074,0.12743990434173091,0.22376788553259142,0.09316770186335403,0.2199074074074074,0.09259259259259259,0.9074074074074074,0.40740740740740744,0.1090042372881356,0.12244897959183673,0.12244897959183673,0.14400000000000002,0.1931216931216931,1.96,0.4152542372881356,0.21839080459770113,0.4152542372881356,0.37755102040816324,0.2598039215686274,0.12244897959183673,0.1652542372881356,0.9764705882352941,0.09834558823529412,0.16827253371185238,0.08923569427771108,0.16279069767441862,0.11074295909264686,0.0781057268722467,0.2227878787878788,0.14285714285714285,0.2,0.11251709986320109,0.4775510204081632,0.11494252873563218,0.194,0.1935483870967742,0.11264608076009502,0.10434782608695652,0.1568627450980392,0.1354775828460039,0.23811764705882354,0.9914529914529915,0.0881057268722467,0.14400000000000002
PL61 - Kujawsko-Pomorskie,1.3256172839506173,1.3586435420191765,1.191,1.2797619047619047,0.5,1.2408536585365852,1.2824074074074074,0.0,1.375,1.2797619047619047,1.245967741935484,1.0625,1.375,0.5777777777777778,0.875,1.3191340782122905,1.3541666666666667,1.375,1.375,1.0892857142857144,1.5,1.375,1.375,1.375,1.375,1.375,1.375,1.3273809523809523,1.2321428571428572,1.3072033898305084,1.2498898678414097,1.2861111111111112,1.2545180722891567,1.2673076923076922,1.2897727272727273,1.2887931034482758,1.2678571428571428,1.305232558139535,1.175,1.375,1.3194444444444444,1.279040404040404,1.3100649350649352,1.2844202898550725,1.2995283018867925,1.2808823529411764,1.3279411764705882,1.2831632653061225,1.2965686274509804,1.3173076923076923,1.375
PL62 - Warmińsko-Mazurskie,0.08771296234611838,0.07119741100323625,0.184,0.16666666666666666,0.09048027444253859,0.38461538461538464,0.12743990434173091,1.375,0.0,0.2972972972972973,0.12903225806451613,0.3125,0.10259565212951711,1.0,0.5,0.19375,0.17752393185919196,0.181166780549964,0.2,0.2857142857142857,2.0,0.5,0.3333333333333333,0.5,0.5,0.3333333333333333,0.1622614165966767,0.25,1.0,0.1741539347132612,0.2648305084745763,0.1907514450867052,0.24519230769230768,0.19548872180451127,0.18075144508670518,0.2787878787878788,0.1869491637178839,0.2,0.20833333333333334,0.6,0.1907514450867052,0.25,0.1935483870967742,0.1872457483294747,0.186056609405954,0.18308860983766304,0.24074074074074073,0.29411764705882354,0.9841269841269842,0.1907514450867052,0.2
PL63 - Pomorskie,0.25846234584098665,0.27413516235268504,0.187984496124031,0.25,0.2972972972972973,0.38461538461538464,0.22376788553259142,1.2797619047619047,0.2972972972972973,0.0,0.2496782496782497,0.22959183673469388,0.2972972972972973,0.9047619047619048,0.40476190476190477,0.23722662591920546,0.2620031796502385,0.26503923278116825,0.2972972972972973,0.25,1.75,0.37755102040816324,0.3260340632603406,0.37755102040816324,0.43548387096774194,0.25,0.2972972972972973,0.2972972972972973,0.9375,0.241869918699187,0.24631198995605777,0.21665213600697475,0.22667378917378916,0.15883575883575884,0.2009670220679395,0.2524720893141946,0.20982142857142858,0.20886192314763746,0.1815068493150685,0.5354838709677419,0.2972972972972973,0.2236842105263158,0.23399999999999999,0.18814432989690721,0.21825396825396826,0.2119314436387607,0.22911547911547914,0.2678018575851393,0.9915074309978769,0.24015444015444018,0.1736842105263158
PL71 - Łódzkie,0.09316770186335403,0.12391754819315667,0.09523809523809523,0.08203125,0.09800120434833134,0.2914476827520306,0.09316770186335403,1.245967741935484,0.12903225806451613,0.2496782496782497,0.0,0.18346774193548387,0.12903225806451613,0.8709677419354839,0.3709677419354839,0.12673969072164948,0.1081989247311828,0.12903225806451613,0.16946564885496185,0.15668202764976957,1.9611650485436893,0.4329896907216495,0.2769230769230769,0.4329896907216495,0.40654205607476634,0.2857142857142857,0.12903225806451613,0.1829896907216495,0.9713656387665198,0.12425595238095238,0.24512607497703934,0.11953607283157697,0.22548787419477073,0.12847841252616077,0.1022244488977956,0.24825352764284064,0.14285714285714285,0.11796875000000001,0.13842746400885936,0.5065420560747663,0.1469622331691297,0.21946564885496184,0.1935483870967742,0.13811172961505686,0.10752961321704442,0.15441176470588236,0.22103630724320378,0.2635832959137854,0.9915730337078652,0.11222444889779559,0.16946564885496185
PL72 - Świętokrzyskie,0.2631172839506173,0.29614354201917653,0.17095437140394137,0.21726190476190477,0.1348148148148148,0.34687953555878087,0.2199074074074074,1.0625,0.3125,0.22959183673469388,0.18346774193548387,0.0,0.3125,0.7250000000000001,0.2482269503546099,0.2566340782122905,0.2916666666666667,0.3125,0.3125,0.22606948319383555,1.9795918367346939,0.45,0.3125,0.45,0.425,0.3125,0.3125,0.2648809523809524,0.9428571428571428,0.2447033898305085,0.24399717514124294,0.2427132391418106,0.24456770030266692,0.24101452497406256,0.2389945597823913,0.249802371541502,0.24532211774479817,0.2467948717948718,0.24481467377506982,0.525,0.2569444444444444,0.2423825172020118,0.24756493506493507,0.24377372375861803,0.2403846153846154,0.24067242281527998,0.26544117647058824,0.2651321398124467,0.9743589743589743,0.2548076923076923,0.3125
PL81 - Lubelskie,0.06709415944925606,0.1224558940167826,0.184,0.14666666666666667,0.11320754716981132,0.3646153846153846,0.09259259259259259,1.375,0.10259565212951711,0.2972972972972973,0.12903225806451613,0.3125,0.0,1.0,0.5,0.1360726417559446,0.07538008170919563,0.07902293039996765,0.2,0.2857142857142857,2.0,0.41304347826086957,0.28682170542635654,0.41304347826086957,0.46875,0.3333333333333333,0.125,0.16875,0.9523809523809523,0.171875,0.22427253371185238,0.12,0.178525641025641,0.14925373134328357,0.09665697674418605,0.2787878787878788,0.1346153846153846,0.2,0.2,0.56875,0.09999999999999999,0.25,0.19230769230769232,0.16864608076009502,0.13360655737704918,0.17391304347826086,0.17407407407407405,0.29411764705882354,0.992,0.08928571428571429,0.2
PL82 - Podkarpackie,0.9506172839506173,0.9836435420191766,0.8160000000000001,0.9047619047619048,0.8,0.8658536585365854,0.9074074074074074,0.5777777777777778,1.0,0.9047619047619048,0.8709677419354839,0.7250000000000001,1.0,0.0,0.8,0.9441340782122905,0.9791666666666666,1.0,1.0,0.8,2.0,1.0,1.0,1.0,1.0,1.0,1.0,0.9523809523809523,0.8571428571428572,0.9322033898305084,0.8748898678414097,0.9111111111111111,0.8795180722891567,0.8923076923076922,0.9147727272727273,0.9137931034482758,0.8928571428571429,0.9302325581395349,0.8,1.0,0.9444444444444444,0.9040404040404041,0.935064935064935,0.9094202898550725,0.9245283018867925,0.9058823529411765,0.9529411764705882,0.9081632653061225,0.9844961240310077,0.9423076923076923,1.0
PL84 - Podlaskie,0.4506172839506173,0.48364354201917653,0.316,0.40476190476190477,0.3333333333333333,0.36585365853658536,0.40740740740740744,0.875,0.5,0.40476190476190477,0.3709677419354839,0.2482269503546099,0.5,0.8,0.0,0.4441340782122905,0.4791666666666667,0.5,0.5,0.2142857142857143,2.0,0.5,0.5,0.5,0.5,0.5,0.5,0.4523809523809524,1.0,0.4322033898305085,0.37488986784140965,0.4111111111111111,0.3795180722891566,0.3923076923076923,0.4147727272727273,0.41379310344827586,0.39285714285714285,0.43023255813953487,0.3,0.6,0.4444444444444444,0.40404040404040403,0.43506493506493504,0.40942028985507245,0.42452830188679247,0.40588235294117647,0.45294117647058824,0.40816326530612246,0.9444444444444444,0.4423076923076923,0.5
PL9 - Mazowieckie,0.16122967479674796,0.1511968085106383,0.1281340782122905,0.1768008474576271,0.19375,0.28667724028548774,0.1090042372881356,1.3191340782122905,0.19375,0.23722662591920546,0.12673969072164948,0.2566340782122905,0.1360726417559446,0.9441340782122905,0.4441340782122905,0.0,0.13660714285714287,0.18258426966292135,0.19375,0.2298483639265762,1.9532967032967032,0.30625,0.19375,0.30625,0.4392712550607287,0.27326266195524146,0.11281682780245623,0.13927125506072877,0.9362416107382551,0.1376752336448598,0.19309449699681447,0.1295843520782396,0.17345629621454584,0.1295843520782396,0.12652310924369747,0.16293422025129345,0.13330300272975432,0.14779116465863457,0.1476045883940621,0.5392712550607287,0.19375,0.13414634146341464,0.18399424696938566,0.1260786553210091,0.12488951639748842,0.14485003487561032,0.16900472926297888,0.17826398852223818,0.9897304236200257,0.16517857142857142,0.12151983594920734
CZ010 - Prague,0.1424742411584517,0.19530652925360123,0.16316666666666665,0.1206896551724138,0.1693901854087759,0.317948717948718,0.12244897959183673,1.3541666666666667,0.17752393185919196,0.2620031796502385,0.1081989247311828,0.2916666666666667,0.07538008170919563,0.9791666666666666,0.4791666666666667,0.13660714285714287,0.0,0.10309278350515463,0.1310344827586207,0.2648809523809524,1.981818181818182,0.44285714285714284,0.23024054982817868,0.44285714285714284,0.5,0.2980392156862745,0.06666666666666667,0.2,0.9764705882352941,0.1365808823529412,0.15530701647047307,0.08717948717948718,0.15919357537226034,0.13834586466165413,0.12790697674418605,0.2098223615464995,0.11613108495068405,0.16703296703296705,0.20833333333333334,0.6,0.10309278350515463,0.1810344827586207,0.1668223291903154,0.10245901639344263,0.1361111111111111,0.11538461538461539,0.12005108556832693,0.22515212981744423,0.9899799599198397,0.08163265306122448,0.13636363636363635
CZ020 - Central Bohemian,0.14611708984922372,0.18817441515455724,0.184,0.16666666666666666,0.1622580713097319,0.38461538461538464,0.12244897959183673,1.375,0.181166780549964,0.26503923278116825,0.12903225806451613,0.3125,0.07902293039996765,1.0,0.5,0.18258426966292135,0.10309278350515463,0.0,0.15348837209302327,0.2857142857142857,2.0,0.42105263157894735,0.3333333333333333,0.42105263157894735,0.5,0.30107526881720426,0.07848837209302326,0.2,1.0,0.13961693548387097,0.21250492707922744,0.08962264150943396,0.19286672629695883,0.15591397849462366,0.12790697674418605,0.23227625088090206,0.13280689160086145,0.2,0.20833333333333334,0.6,0.11434108527131781,0.20348837209302326,0.1834981358404928,0.12213445285311827,0.15,0.14884627884302892,0.18841515934539188,0.2476060191518468,0.9921568627450981,0.08571428571428572,0.15348837209302327
CZ031 - South Bohemian,0.1574468085106383,0.1903381209125407,0.184,0.1726027397260274,0.2,0.38461538461538464,0.14400000000000002,1.375,0.2,0.2972972972972973,0.16946564885496185,0.3125,0.2,1.0,0.5,0.19375,0.1310344827586207,0.15348837209302327,0.0,0.2857142857142857,2.0,0.5,0.2333333333333333,0.5,0.5,0.3333333333333333,0.09523809523809523,0.25,1.0,0.171875,0.18782479584261322,0.14361702127659576,0.16279069767441862,0.19548872180451127,0.12790697674418605,0.1566265060240964,0.14375,0.2,0.20833333333333334,0.6,0.2,0.145,0.20930232558139536,0.12359550561797752,0.15,0.17647058823529413,0.15867768595041323,0.16666666666666666,1.0,0.11071428571428572,0.1388888888888889
CZ032 - Plzeň,0.23633156966490299,0.26935782773346223,0.10382513661202186,0.19047619047619047,0.15888626188440064,0.38461538461538464,0.1931216931216931,1.0892857142857144,0.2857142857142857,0.25,0.15668202764976957,0.22606948319383555,0.2857142857142857,0.8,0.2142857142857143,0.2298483639265762,0.2648809523809524,0.2857142857142857,0.2857142857142857,0.0,2.0,0.4375,0.3333333333333333,0.4375,0.5,0.2857142857142857,0.2857142857142857,0.23809523809523808,1.0,0.2179176755447942,0.23592877437053006,0.1968253968253968,0.21629057358826143,0.178021978021978,0.200487012987013,0.26944208439535544,0.17857142857142855,0.21594684385382057,0.20833333333333334,0.6,0.23015873015873015,0.24065420560747663,0.22077922077922077,0.19513457556935815,0.21024258760107817,0.19159663865546217,0.23865546218487393,0.2847718526663002,0.979381443298969,0.228021978021978,0.2857142857142857
CZ041 - Karlovy Vary,2.0,1.9866141732283464,1.937984496124031,2.0,2.0,1.9545454545454546,1.96,1.5,2.0,1.75,1.9611650485436893,1.9795918367346939,2.0,2.0,2.0,1.9532967032967032,1.981818181818182,2.0,2.0,2.0,0.0,2.0,2.0,2.0,2.0,2.0,2.0,2.0,2.0,1.991869918699187,1.927791771620487,1.9510204081632654,1.9101123595505618,1.876923076923077,1.915966386554622,1.9444444444444444,1.9598214285714286,1.9047619047619047,1.9315068493150684,2.0,1.9852941176470589,1.905511811023622,1.984,1.9381443298969072,1.9682539682539684,1.9518072289156627,1.9454545454545455,1.9481481481481482,1.9680851063829787,1.9428571428571428,1.8928571428571428
CZ042 - Ústí nad Labem,0.46747967479674796,0.4574468085106383,0.4194312796208531,0.4830508474576271,0.5,0.4638157894736842,0.4152542372881356,1.375,0.5,0.37755102040816324,0.4329896907216495,0.45,0.41304347826086957,1.0,0.5,0.30625,0.44285714285714284,0.42105263157894735,0.5,0.4375,2.0,0.0,0.5,0.25,0.5,0.5,0.40476190476190477,0.25,1.0,0.4439252336448598,0.3126482213438735,0.35638297872340424,0.4197860962566845,0.30451127819548873,0.4327731092436975,0.3833333333333333,0.35625,0.41208791208791207,0.325,0.5375,0.5,0.3729281767955801,0.3620689655172414,0.3764044943820225,0.4,0.3521739130434782,0.35714285714285715,0.35074626865671643,1.0,0.4714285714285714,0.3611111111111111
CZ051 - Liberec,0.27619047619047615,0.2882882882882883,0.2427409988385598,0.27715355805243447,0.3333333333333333,0.38461538461538464,0.21839080459770113,1.375,0.3333333333333333,0.3260340632603406,0.2769230769230769,0.3125,0.28682170542635654,1.0,0.5,0.19375,0.23024054982817868,0.3333333333333333,0.2333333333333333,0.3333333333333333,2.0,0.5,0.0,0.5,0.5,0.3333333333333333,0.2635658914728682,0.25,1.0,0.2803030303030303,0.18782479584261322,0.24371069182389937,0.21484992101105843,0.19548872180451127,0.26450742240215924,0.22807017543859648,0.2399267399267399,0.2424242424242424,0.24031007751937983,0.6,0.3333333333333333,0.24173027989821882,0.2765151515151515,0.22695035460992907,0.2424242424242424,0.21717171717171715,0.19571865443425074,0.2171945701357466,1.0,0.28248587570621464,0.18699186991869918
CZ052 - Hradec Králové,0.46747967479674796,0.4574468085106383,0.4194312796208531,0.4830508474576271,0.5,0.4638157894736842,0.4152542372881356,1.375,0.5,0.37755102040816324,0.4329896907216495,0.45,0.41304347826086957,1.0,0.5,0.30625,0.44285714285714284,0.42105263157894735,0.5,0.4375,2.0,0.25,0.5,0.0,0.5,0.5,0.40476190476190477,0.25,1.0,0.4439252336448598,0.3126482213438735,0.35638297872340424,0.4197860962566845,0.30451127819548873,0.4327731092436975,0.3833333333333333,0.35625,0.41208791208791207,0.325,0.6,0.5,0.3729281767955801,0.3620689655172414,0.3764044943820225,0.4,0.3521739130434782,0.35714285714285715,0.35074626865671643,0.984375,0.4714285714285714,0.3611111111111111
CZ053 - Pardubice,0.4791666666666667,0.4920876445526476,0.4732142857142857,0.46153846153846156,0.5,0.4722222222222222,0.37755102040816324,1.375,0.5,0.43548387096774194,0.40654205607476634,0.425,0.46875,1.0,0.5,0.4392712550607287,0.5,0.5,0.5,0.5,2.0,0.5,0.5,0.5,0.0,0.5,0.5,0.3333333333333333,0.6666666666666667,0.46153846153846156,0.3824833702882483,0.4128205128205128,0.3783783783783784,0.3967741935483871,0.37209302325581395,0.4391304347826087,0.4506172839506173,0.39565217391304347,0.2976190476190476,0.4574468085106383,0.4772727272727273,0.3626609442060086,0.4801980198019802,0.3975409836065574,0.45180722891566266,0.40476190476190477,0.45394736842105265,0.40909090909090906,1.0,0.41836734693877553,0.36363636363636365
CZ063 - Vysočina,0.29449838187702265,0.31017119838872104,0.19047619047619047,0.23163841807909602,0.3333333333333333,0.38461538461538464,0.2598039215686274,1.375,0.3333333333333333,0.25,0.2857142857142857,0.3125,0.3333333333333333,1.0,0.5,0.27326266195524146,0.2980392156862745,0.30107526881720426,0.3333333333333333,0.2857142857142857,2.0,0.5,0.3333333333333333,0.5,0.5,0.0,0.3333333333333333,0.3333333333333333,1.0,0.16145833333333331,0.23034774985388662,0.25268817204301075,0.21119592875318066,0.19548872180451127,0.2370030581039755,0.2787878787878788,0.1987179487179487,0.24489795918367346,0.20833333333333334,0.6,0.3333333333333333,0.25,0.25806451612903225,0.2134743439091265,0.23958333333333331,0.2479674796747967,0.26515151515151514,0.29411764705882354,0.9805825242718447,0.27619047619047615,0.2
CZ064 - South Moravian,0.12721172589593643,0.16800760281313334,0.184,0.16666666666666666,0.14209125896830802,0.38461538461538464,0.12244897959183673,1.375,0.1622614165966767,0.2972972972972973,0.12903225806451613,0.3125,0.125,1.0,0.5,0.11281682780245623,0.06666666666666667,0.07848837209302326,0.09523809523809523,0.2857142857142857,2.0,0.40476190476190477,0.2635658914728682,0.40476190476190477,0.5,0.3333333333333333,0.0,0.2,0.9375,0.171875,0.20329204693611475,0.08888888888888889,0.18365384615384614,0.13846153846153847,0.12790697674418605,0.1566265060240964,0.14285714285714285,0.2,0.20833333333333334,0.6,0.125,0.145,0.1935483870967742,0.11985898942420682,0.15,0.14368370298939248,0.17920227920227919,0.16911764705882354,0.9894179894179894,0.08163265306122448,0.13636363636363635
CZ071 - Olomouc,0.21747967479674796,0.2074468085106383,0.17321428571428574,0.2330508474576271,0.25,0.38461538461538464,0.1652542372881356,1.3273809523809523,0.25,0.2972972972972973,0.1829896907216495,0.2648809523809524,0.16875,0.9523809523809523,0.4523809523809524,0.13927125506072877,0.2,0.2,0.25,0.23809523809523808,2.0,0.25,0.25,0.25,0.3333333333333333,0.3333333333333333,0.2,0.0,1.0,0.1939252336448598,0.2528544605703847,0.1272644584249223,0.23321625978811605,0.13846153846153847,0.1827731092436975,0.2502164502164502,0.1506172839506173,0.2,0.18604651162790697,0.4880239520958084,0.25,0.22142857142857142,0.18382461857502594,0.14007465218866644,0.15180722891566267,0.15154596467442472,0.2287646928365491,0.26554621848739496,0.9833333333333333,0.22142857142857142,0.17142857142857143
CZ072 - Zlín,1.0,0.9762076423936554,0.967479674796748,1.0,1.0,0.8859649122807017,0.9764705882352941,1.2321428571428572,1.0,0.9375,0.9713656387665198,0.9428571428571428,0.9523809523809523,0.8571428571428572,1.0,0.9362416107382551,0.9764705882352941,1.0,1.0,1.0,2.0,1.0,1.0,1.0,0.6666666666666667,1.0,0.9375,1.0,0.0,0.9809523809523809,0.9326683291770573,0.9773462783171522,0.9484536082474226,0.9581881533101045,0.9722222222222222,0.9653179190751445,0.9724770642201834,0.8888888888888888,0.9642857142857143,1.0,0.9878048780487805,0.9482071713147411,0.9705882352941176,0.9742990654205608,0.9090909090909091,0.9696969696969697,0.9696969696969697,0.961038961038961,1.0,0.9142857142857143,0.9318181818181819
CZ080 - Moravian-Silesian,0.13910424401252094,0.18545271202160477,0.11620338983050847,0.16338259441707717,0.171875,0.38133131236579515,0.09834558823529412,1.3072033898305084,0.1741539347132612,0.241869918699187,0.12425595238095238,0.2447033898305085,0.171875,0.9322033898305084,0.4322033898305085,0.1376752336448598,0.1365808823529412,0.13961693548387097,0.171875,0.2179176755447942,1.991869918699187,0.4439252336448598,0.2803030303030303,0.4439252336448598,0.46153846153846156,0.16145833333333331,0.171875,0.1939252336448598,0.9809523809523809,0.0,0.23862963511213087,0.1130396329666685,0.21899143432986226,0.13941395544937107,0.08944543828264759,0.22244985061886471,0.1365280289330922,0.1970588235294118,0.16987179487179488,0.5615384615384615,0.171875,0.1936619718309859,0.18721927317272355,0.11230805259108093,0.1443019943019943,0.15266106442577032,0.2145398673782953,0.23777961888980945,0.9950248756218906,0.11473214285714287,0.14366197183098592
SE110 - Stockholm,0.24235859836221674,0.2002135567749035,0.19266556002096805,0.2648305084745763,0.2648305084745763,0.36426140231449966,0.16827253371185238,1.2498898678414097,0.2648305084745763,0.24631198995605777,0.24512607497703934,0.24399717514124294,0.22427253371185238,0.8748898678414097,0.37488986784140965,0.19309449699681447,0.15530701647047307,0.21250492707922744,0.18782479584261322,0.23592877437053006,1.927791771620487,0.3126482213438735,0.18782479584261322,0.3126482213438735,0.3824833702882483,0.23034774985388662,0.20329204693611475,0.2528544605703847,0.9326683291770573,0.23862963511213087,0.0,0.12559000214546237,0.11814345991561181,0.1774179210619889,0.19875121332039125,0.16483050847457628,0.14102098466505247,0.24355391272989543,0.21219892952720787,0.4824833702882483,0.22427253371185238,0.09311333675740457,0.2459625839462744,0.16798366162772943,0.22135224760501107,0.10130849589595994,0.1829502196622656,0.1587615283267457,0.9915014164305949,0.18782479584261322,0.12511013215859032
SE121 - Uppsala,0.15570175438596492,0.201446361677201,0.10382513661202186,0.13924050632911392,0.17553001783237568,0.3411371237458194,0.08923569427771108,1.2861111111111112,0.1907514450867052,0.21665213600697475,0.11953607283157697,0.2427132391418106,0.12,0.9111111111111111,0.4111111111111111,0.1295843520782396,0.08717948717948718,0.08962264150943396,0.14361702127659576,0.1968253968253968,1.9510204081632654,0.35638297872340424,0.24371069182389937,0.35638297872340424,0.4128205128205128,0.25268817204301075,0.08888888888888889,0.1272644584249223,0.9773462783171522,0.1130396329666685,0.12559000214546237,0.0,0.13333333333333333,0.07409733124018839,0.08108108108108109,0.1587878787878788,0.08333333333333333,0.1825,0.125,0.5128205128205128,0.14361702127659576,0.13,0.13402457757296465,0.0625,0.1111111111111111,0.11538461538461539,0.10150023441162681,0.17411764705882354,0.984375,0.11504559270516719,0.1282051282051282
SE122 - Södermanland,0.22272039757994813,0.20330082283805734,0.17302735923869944,0.24519230769230768,0.24519230769230768,0.35721812434141204,0.16279069767441862,1.2545180722891567,0.24519230769230768,0.22667378917378916,0.22548787419477073,0.24456770030266692,0.178525641025641,0.8795180722891567,0.3795180722891566,0.17345629621454584,0.15919357537226034,0.19286672629695883,0.16279069767441862,0.21629057358826143,1.9101123595505618,0.4197860962566845,0.21484992101105843,0.4197860962566845,0.3783783783783784,0.21119592875318066,0.18365384615384614,0.23321625978811605,0.9484536082474226,0.21899143432986226,0.11814345991561181,0.13333333333333333,0.0,0.15777972027972026,0.17911301253812267,0.16279069767441862,0.16279069767441862,0.22391571194762683,0.19256072874493926,0.4783783783783784,0.16279069767441862,0.12142857142857144,0.2263243831640058,0.14834546084546085,0.20171404682274247,0.10396716826265391,0.16279069767441862,0.16666666666666666,1.0,0.16279069767441862,0.16279069767441862
SE123 - Östergötland,0.16296839660125922,0.19974764750945298,0.11492000142536435,0.17853956926213838,0.19548872180451127,0.35200668896321075,0.11074295909264686,1.2673076923076922,0.19548872180451127,0.15883575883575884,0.12847841252616077,0.24101452497406256,0.14925373134328357,0.8923076923076922,0.3923076923076923,0.1295843520782396,0.13834586466165413,0.15591397849462366,0.19548872180451127,0.178021978021978,1.876923076923077,0.30451127819548873,0.19548872180451127,0.30451127819548873,0.3967741935483871,0.19548872180451127,0.13846153846153847,0.13846153846153847,0.9581881533101045,0.13941395544937107,0.1774179210619889,0.07409733124018839,0.15777972027972026,0.0,0.12826183104820876,0.12953414744459524,0.10820367751060819,0.18417721518987343,0.10510752688172044,0.4967741935483871,0.19548872180451127,0.10074626865671643,0.15889492175023953,0.07189321618653374,0.13333333333333333,0.11040452216922807,0.1533281533281533,0.14486391571553997,1.0,0.1669172932330827,0.1282051282051282
SE124 - Örebro,0.14570175438596492,0.19772768231778173,0.10112126245847176,0.1212121212121212,0.1718113384729564,0.33916083916083917,0.0781057268722467,1.2897727272727273,0.18075144508670518,0.2009670220679395,0.1022244488977956,0.2389945597823913,0.09665697674418605,0.9147727272727273,0.4147727272727273,0.12652310924369747,0.12790697674418605,0.12790697674418605,0.12790697674418605,0.200487012987013,1.915966386554622,0.4327731092436975,0.26450742240215924,0.4327731092436975,0.37209302325581395,0.2370030581039755,0.12790697674418605,0.1827731092436975,0.9722222222222222,0.08944543828264759,0.19875121332039125,0.08108108108108109,0.17911301253812267,0.12826183104820876,0.0,0.20289502164502166,0.14285714285714285,0.15454545454545454,0.11477272727272729,0.4720930232558139,0.1111111111111111,0.17410714285714285,0.1935483870967742,0.09275322361723788,0.12872340425531914,0.09802018633540373,0.17466144558655572,0.2182247899159664,1.0,0.08333333333333333,0.1282051282051282
SE125 - Västmanland,0.2362346872985171,0.22260810350697993,0.2437001594896332,0.2513906185139062,0.2787878787878788,0.36201651455888745,0.2227878787878788,1.2887931034482758,0.2787878787878788,0.2524720893141946,0.24825352764284064,0.249802371541502,0.2787878787878788,0.9137931034482758,0.41379310344827586,0.16293422025129345,0.2098223615464995,0.23227625088090206,0.1566265060240964,0.26944208439535544,1.9444444444444444,0.3833333333333333,0.22807017543859648,0.3833333333333333,0.4391304347826087,0.2787878787878788,0.1566265060240964,0.2502164502164502,0.9653179190751445,0.22244985061886471,0.16483050847457628,0.1587878787878788,0.16279069767441862,0.12953414744459524,0.20289502164502166,0.0,0.1938205585264409,0.18113207547169813,0.17164502164502166,0.5391304347826087,0.2787878787878788,0.0764694905766001,0.12458286985539488,0.11014179802778379,0.1587878787878788,0.10487483530961794,0.23746556473829203,0.16666666666666666,1.0,0.1895021645021645,0.09963369963369963
SE211 - Jönköping,0.15189947301714363,0.2040552402801886,0.14285714285714285,0.15486725663716813,0.17813889643536326,0.3728159745858861,0.14285714285714285,1.2678571428571428,0.1869491637178839,0.20982142857142858,0.14285714285714285,0.24532211774479817,0.1346153846153846,0.8928571428571429,0.39285714285714285,0.13330300272975432,0.11613108495068405,0.13280689160086145,0.14375,0.17857142857142855,1.9598214285714286,0.35625,0.2399267399267399,0.35625,0.4506172839506173,0.1987179487179487,0.14285714285714285,0.1506172839506173,0.9724770642201834,0.1365280289330922,0.14102098466505247,0.08333333333333333,0.16279069767441862,0.10820367751060819,0.14285714285714285,0.1938205585264409,0.0,0.19109414758269722,0.15895061728395063,0.5506172839506173,0.14375,0.1650326797385621,0.11907676167162093,0.09113300492610837,0.12740112994350283,0.11538461538461539,0.11693121693121691,0.20915032679738563,1.0,0.14285714285714285,0.1282051282051282
SE212 - Kronoberg,0.2,0.20552799433026223,0.19393939393939394,0.2,0.2,0.18461538461538463,0.2,1.305232558139535,0.2,0.20886192314763746,0.11796875000000001,0.2467948717948718,0.2,0.9302325581395349,0.43023255813953487,0.14779116465863457,0.16703296703296705,0.2,0.2,0.21594684385382057,1.9047619047619047,0.41208791208791207,0.2424242424242424,0.41208791208791207,0.39565217391304347,0.24489795918367346,0.2,0.2,0.8888888888888888,0.1970588235294118,0.24355391272989543,0.1825,0.22391571194762683,0.18417721518987343,0.15454545454545454,0.18113207547169813,0.19109414758269722,0.0,0.16825396825396827,0.49565217391304345,0.2,0.1709677419354839,0.1935483870967742,0.18552971576227392,0.15698924731182795,0.1943820224719101,0.21946414499605987,0.20094562647754136,0.9565217391304348,0.2,0.19413489736070383
SE213 - Kalmar,0.1875,0.20354779631046024,0.18154761904761907,0.16987179487179488,0.20833333333333334,0.3375565610859729,0.11251709986320109,1.175,0.20833333333333334,0.1815068493150685,0.13842746400885936,0.24481467377506982,0.2,0.8,0.3,0.1476045883940621,0.20833333333333334,0.20833333333333334,0.20833333333333334,0.20833333333333334,1.9315068493150684,0.325,0.24031007751937983,0.325,0.2976190476190476,0.20833333333333334,0.20833333333333334,0.18604651162790697,0.9642857142857143,0.16987179487179488,0.21219892952720787,0.125,0.19256072874493926,0.10510752688172044,0.11477272727272729,0.17164502164502166,0.15895061728395063,0.16825396825396827,0.0,0.4473684210526316,0.18604651162790697,0.14285714285714285,0.18853135313531355,0.12166666666666667,0.16014056224899598,0.125,0.1881091617933723,0.1869747899159664,1.0,0.1464285714285714,0.2
SE214 - Gotland,0.5791666666666666,0.5920876445526476,0.5732142857142857,0.5615384615384615,0.6,0.5722222222222222,0.4775510204081632,1.375,0.6,0.5354838709677419,0.5065420560747663,0.525,0.56875,1.0,0.6,0.5392712550607287,0.6,0.6,0.6,0.6,2.0,0.5375,0.6,0.6,0.4574468085106383,0.6,0.6,0.4880239520958084,1.0,0.5615384615384615,0.4824833702882483,0.5128205128205128,0.4783783783783784,0.4967741935483871,0.4720930232558139,0.5391304347826087,0.5506172839506173,0.49565217391304345,0.4473684210526316,0.0,0.5772727272727273,0.46266094420600856,0.5801980198019802,0.49754098360655735,0.5518072289156626,0.5047619047619047,0.5539473684210526,0.509090909090909,1.0,0.5183673469387755,0.4636363636363636
SE221 - Blekinge,0.15570175438596492,0.20552799433026223,0.14285714285714285,0.16666666666666666,0.1796116504854369,0.38461538461538464,0.11494252873563218,1.3194444444444444,0.1907514450867052,0.2972972972972973,0.1469622331691297,0.2569444444444444,0.09999999999999999,0.9444444444444444,0.4444444444444444,0.19375,0.10309278350515463,0.11434108527131781,0.2,0.23015873015873015,1.9852941176470589,0.5,0.3333333333333333,0.5,0.4772727272727273,0.3333333333333333,0.125,0.25,0.9878048780487805,0.171875,0.22427253371185238,0.14361702127659576,0.16279069767441862,0.19548872180451127,0.1111111111111111,0.2787878787878788,0.14375,0.2,0.18604651162790697,0.5772727272727273,0.0,0.25,0.20930232558139536,0.16864608076009502,0.15,0.17647058823529413,0.14285714285714285,0.29411764705882354,0.9545454545454546,0.1111111111111111,0.2
SE224 - Skåne,0.2074468085106383,0.2011156397374022,0.2149122807017544,0.2226027397260274,0.25,0.32992788461538464,0.194,1.279040404040404,0.25,0.2236842105263158,0.21946564885496184,0.2423825172020118,0.25,0.9040404040404041,0.40404040404040403,0.13414634146341464,0.1810344827586207,0.20348837209302326,0.145,0.24065420560747663,1.905511811023622,0.3729281767955801,0.24173027989821882,0.3729281767955801,0.3626609442060086,0.25,0.145,0.22142857142857142,0.9482071713147411,0.1936619718309859,0.09311333675740457,0.13,0.12142857142857144,0.10074626865671643,0.17410714285714285,0.0764694905766001,0.1650326797385621,0.1709677419354839,0.14285714285714285,0.46266094420600856,0.25,0.0,0.15284924718886983,0.08135391923990498,0.13387096774193546,0.0959040959040959,0.20867768595041322,0.1515151515151515,0.9899665551839465,0.1607142857142857,0.12111292962356791
SE231 - Halland,0.18561187916026625,0.20348717800373162,0.1935483870967742,0.18889416231608924,0.20930232558139536,0.3723454459650779,0.1935483870967742,1.3100649350649352,0.1935483870967742,0.23399999999999999,0.1935483870967742,0.24756493506493507,0.19230769230769232,0.935064935064935,0.43506493506493504,0.18399424696938566,0.1668223291903154,0.1834981358404928,0.20930232558139536,0.22077922077922077,1.984,0.3620689655172414,0.2765151515151515,0.3620689655172414,0.4801980198019802,0.25806451612903225,0.1935483870967742,0.18382461857502594,0.9705882352941176,0.18721927317272355,0.2459625839462744,0.13402457757296465,0.2263243831640058,0.15889492175023953,0.1935483870967742,0.12458286985539488,0.11907676167162093,0.1935483870967742,0.18853135313531355,0.5801980198019802,0.20930232558139536,0.15284924718886983,0.0,0.1418242491657397,0.20930232558139536,0.14465408805031446,0.22187281621243884,0.20335429769392033,1.0,0.20930232558139536,0.14779874213836477
SE232 - Västra Götaland,0.15219605762873442,0.20250684629400845,0.1335583614618494,0.15025528811086797,0.17659050244918312,0.368204006059586,0.11264608076009502,1.2844202898550725,0.1872457483294747,0.18814432989690721,0.13811172961505686,0.24377372375861803,0.16864608076009502,0.9094202898550725,0.40942028985507245,0.1260786553210091,0.10245901639344263,0.12213445285311827,0.12359550561797752,0.19513457556935815,1.9381443298969072,0.3764044943820225,0.22695035460992907,0.3764044943820225,0.3975409836065574,0.2134743439091265,0.11985898942420682,0.14007465218866644,0.9742990654205608,0.11230805259108093,0.16798366162772943,0.0625,0.14834546084546085,0.07189321618653374,0.09275322361723788,0.11014179802778379,0.09113300492610837,0.18552971576227392,0.12166666666666667,0.49754098360655735,0.16864608076009502,0.08135391923990498,0.1418242491657397,0.0,0.11666666666666667,0.06892827647544628,0.1438938938938939,0.1599099099099099,0.9874055415617129,0.11666666666666667,0.11034798534798534
SE311 - Värmland,0.15100691870521374,0.1991177379200058,0.12222222222222222,0.1222222222222222,0.17320139407518048,0.3401709401709402,0.10434782608695652,1.2995283018867925,0.186056609405954,0.21825396825396826,0.10752961321704442,0.2403846153846154,0.13360655737704918,0.9245283018867925,0.42452830188679247,0.12488951639748842,0.1361111111111111,0.15,0.15,0.21024258760107817,1.9682539682539684,0.4,0.2424242424242424,0.4,0.45180722891566266,0.23958333333333331,0.15,0.15180722891566267,0.9090909090909091,0.1443019943019943,0.22135224760501107,0.1111111111111111,0.20171404682274247,0.13333333333333333,0.12872340425531914,0.1587878787878788,0.12740112994350283,0.15698924731182795,0.16014056224899598,0.5518072289156626,0.15,0.13387096774193546,0.20930232558139536,0.11666666666666667,0.0,0.17647058823529413,0.1972624798711755,0.178743961352657,1.0,0.15,0.12318840579710144
