,CZ010 - Prague,CZ020 - Central Bohemian,CZ031 - South Bohemian,CZ032 - Plzeň,CZ041 - Karlovy Vary,CZ042 - Ústí nad Labem,CZ051 - Liberec,CZ052 - Hradec Králové,CZ053 - Pardubice,CZ063 - Vysočina,CZ064 - South Moravian,CZ071 - Olomouc,CZ072 - Zlín,CZ080 - Moravian-Silesian,PL21 - Małopolskie,PL22 - Śląskie,PL41 - Wielkopolskie,PL42 - Zachodniopomorskie,PL43 - Lubuskie,PL51 - Dolnośląskie,PL52 - Opolskie,PL61 - Kujawsko-Pomorskie,PL62 - Warmińsko-Mazurskie,PL63 - Pomorskie,PL71 - Łódzkie,PL72 - Świętokrzyskie,PL81 - Lubelskie,PL82 - Podkarpackie,PL84 - Podlaskie,PL9 - Mazowieckie,SE110 - Stockholm,SE121 - Uppsala,SE122 - Södermanland,SE123 - Östergötland,SE124 - Örebro,SE125 - Västmanland,SE211 - Jönköping,SE212 - Kronoberg,SE213 - Kalmar,SE214 - Gotland,SE221 - Blekinge,SE224 - Skåne,SE231 - Halland,SE232 - Västra Götaland,SE311 - Värmland,SE312 - Dalarna,SE313 - Gävleborg,SE321 - Västernorrland,SE322 - Jämtland,SE331 - Västerbotten,SE332 - Norrbotten
CZ010 - Prague,0.0,0.17049069849676404,0.19643493690339178,0.2146613411864654,0.3304952242089782,0.22050075965130403,0.2329219934716376,0.22911300622801714,0.22742232788946898,0.2278019970365485,0.17494385842479934,0.2103053697899827,0.22804759405535946,0.19270769552235503,0.17618031904949202,0.18589501288764138,0.17314753892091597,0.1952401956552405,0.2189062817783603,0.18816573271684855,0.2094930051032026,0.1900048151842418,0.1920731978971472,0.1688141958781952,0.19410758314817478,0.21371697524396957,0.18417478177148003,0.19181810409478103,0.18491093341299733,0.17350618325229636,0.16461633648842536,0.1904347271448654,0.23200509417113777,0.20287193906263196,0.2195567192640949,0.2268463970480301,0.19799479056997016,0.24250403737382403,0.2427464440115855,0.3783697520329678,0.26124947341862176,0.16448747255549312,0.2033056360176334,0.1644157169022869,0.230831905170854,0.22730938608967338,0.2376679981246453,0.24276839807032588,0.28550979617972816,0.21897220741760737,0.2388251858969897
CZ020 - Central Bohemian,0.17049069849676404,0.0,0.19669011019139707,0.21444900368355355,0.3335084662498794,0.20389422411491734,0.2220537389308553,0.23317327152297754,0.22221990131622246,0.2272993357146416,0.17250574773556684,0.20857598919554815,0.2289798852748663,0.19182200599347243,0.1888263002441723,0.1865755762061774,0.17657307567665662,0.1947100440178354,0.21577417681652716,0.1963550608819987,0.21760988898619732,0.18513306843175145,0.19215021219124268,0.17493848912774262,0.19913318976238384,0.21978668457182757,0.19736363751923844,0.19266404878091897,0.19684782368862644,0.18282175399431097,0.18970595710267588,0.2184564567240995,0.2551259283861011,0.23088650930299834,0.25330231366894945,0.2547651022439895,0.22588559806357628,0.26480091400790595,0.2721094010723079,0.39123259898594387,0.2864383851751561,0.19608623243306725,0.23143737338853046,0.19707715258432798,0.2619575679166521,0.25397589527199466,0.2612695424077917,0.2703867283286797,0.31192705659109077,0.24872664865903363,0.2647090034988279
CZ031 - South Bohemian,0.19643493690339178,0.19669011019139707,0.0,0.22785786822887757,0.3402308150387878,0.22000817961986907,0.24516625097037248,0.24591046643168504,0.23298764014067175,0.22829506539073624,0.18846680893762413,0.21784548432520837,0.2356372452925926,0.2145950738289777,0.1911131066578643,0.2038736962885367,0.20149325116132977,0.21717439703854466,0.22271598978750382,0.20679836662815856,0.2236788612329747,0.21473687612067055,0.21689563316600285,0.19897077622396891,0.20618244111072973,0.22415290587027925,0.20478512418709072,0.20370713234166538,0.2031908393953163,0.19673078726545756,0.20843002888517712,0.23138271266649615,0.26334077869245687,0.245045897090785,0.2609225177345931,0.2601324854459986,0.2385767010552697,0.2766613791415505,0.2808836297301267,0.405306148708693,0.298168226121268,0.2125657250919511,0.2466365530258925,0.21420364949251405,0.2703091950840969,0.26435229450793185,0.26871902765342437,0.2810345627954381,0.316364925259265,0.2588603040019526,0.27568974504426114
CZ032 - Plzeň,0.2146613411864654,0.21444900368355355,0.22785786822887757,0.0,0.3405378773447586,0.2389906315079819,0.24327228883708565,0.24510995258634302,0.23054828684687378,0.25736064781527884,0.21404806465624795,0.23869706525962767,0.2526205535098202,0.23201260747709826,0.2260109723396846,0.21898030773890215,0.22003677002639294,0.23812017364930196,0.24377184449489914,0.22579383293460045,0.2475381455934577,0.23505774941818502,0.23433430338331845,0.2187659922553442,0.23144455747962042,0.24597887020439468,0.22787870888091738,0.23255770817047838,0.2279191057662668,0.21988666643010352,0.23123211793982104,0.24877464334912036,0.28237180940439005,0.26213218547743317,0.28117712055172905,0.2788630173876849,0.2575056464055149,0.2854279982006614,0.29534903037695837,0.409999476914318,0.3098464996654692,0.22868169707066655,0.25989537640716825,0.23502152016520647,0.2876854583781024,0.2841497057699472,0.28212076854718265,0.2944700146877499,0.33328356841373025,0.2754739150136267,0.29134625813602405
CZ041 - Karlovy Vary,0.3304952242089782,0.3335084662498794,0.3402308150387878,0.3405378773447586,0.0,0.3400607309786857,0.34999489485324575,0.3323497844164676,0.3411703507743792,0.3485990830010302,0.3301516030797478,0.3442938325659855,0.3436849888418622,0.33484499614265145,0.33160306778197957,0.33497311781767686,0.33764327828737495,0.3462474842261333,0.35195179418873973,0.3435818649057588,0.349699699994767,0.3446826140021781,0.3432841685793091,0.3407296033759284,0.3422254166560385,0.34968961448302605,0.34484564823405506,0.34073294899589385,0.3431319093288572,0.33841487391893077,0.3542634124390429,0.36759345856220094,0.3914493283063588,0.37803775859638117,0.39046472457809067,0.38922868982680037,0.36828074117192944,0.3883244702013009,0.3988004517996661,0.49832405751747255,0.4107675988461477,0.34814134772604427,0.37064109133515283,0.35759784229745767,0.3947477417441962,0.39397318150609906,0.38878029171275,0.395348156412937,0.4276713082746555,0.38623998924284875,0.39312496357466853
CZ042 - Ústí nad Labem,0.22050075965130403,0.20389422411491734,0.22000817961986907,0.2389906315079819,0.3400607309786857,0.0,0.2425647997564781,0.25156917753448127,0.23633453210757566,0.23778604000496986,0.2040961188329775,0.22952899396956175,0.24244587474797452,0.22479276182846522,0.20924154266680903,0.2110537060294846,0.20782931846639183,0.2279523627065603,0.2281494567241306,0.21579376006249626,0.2332288622448268,0.21705654917435668,0.2252883674032412,0.2117670126641631,0.2145840248091579,0.23153897015840597,0.21880403787710379,0.21145439618977385,0.21610578946852063,0.21219143406971877,0.23476484749294002,0.2579447531710188,0.29152858381374885,0.2712453342993455,0.29170794560759084,0.28812859710261507,0.26832855501174335,0.3003629040385224,0.309324252006996,0.41953143625615524,0.3214921290210815,0.2381318218282675,0.2731474429996769,0.24219507414006264,0.30026662591671144,0.2916815263739779,0.2955388229780386,0.30557189400191015,0.3440572864188029,0.2876711979792764,0.3039133441091893
CZ051 - Liberec,0.2329219934716376,0.2220537389308553,0.24516625097037248,0.24327228883708565,0.34999489485324575,0.2425647997564781,0.0,0.2585890857142629,0.2559059124656064,0.2684349391614892,0.22542660278742527,0.246295591149388,0.2642690916339528,0.2325727897720795,0.2430457181266179,0.23997067356948337,0.23276676970797988,0.2392057051508503,0.252284780906411,0.24651052905688803,0.2588883934559244,0.23865727017130886,0.23617001360788875,0.23471614529738205,0.2465980645242066,0.26509337667014066,0.2478704015563741,0.24820489154568148,0.24541768891977211,0.2393706495000796,0.2506512831996011,0.26781442484085977,0.29867646106310236,0.2804528370149073,0.29631000118666967,0.2962373314972833,0.2734700970784753,0.3021845291135267,0.3127916715525895,0.42005012318697804,0.32364921396673135,0.2502803224400397,0.2786468274959725,0.25465013191108427,0.30366786876166424,0.3015007167691385,0.2997889264557412,0.30934822242580406,0.3474486130583053,0.29022632132935783,0.306782792929528
CZ052 - Hradec Králové,0.22911300622801714,0.23317327152297754,0.24591046643168504,0.24510995258634302,0.3323497844164676,0.25156917753448127,0.2585890857142629,0.0,0.24838911875077305,0.26651238038422537,0.22790334286068253,0.24682416503190646,0.26377335020832493,0.24359996976975526,0.23290431861365288,0.2339669144830887,0.2375206710178133,0.25271422827822193,0.2612332941854974,0.24671366471816755,0.25877645903375623,0.2523941366670734,0.2500916467305271,0.24136419961152522,0.24459751021078632,0.25645101953540217,0.24346249209778054,0.24010976380996957,0.2453722491351045,0.24017437620334417,0.2454418982363541,0.2658316225958723,0.29783666682217375,0.27793889306949915,0.2963508302560307,0.29266282665145754,0.2743664575442644,0.30169120328497273,0.31052585187960735,0.42558591311473193,0.32577135144956704,0.246087095996941,0.27611017952180594,0.24911835747018804,0.3037080870703744,0.30184949009370254,0.3005563352700932,0.3098064668551675,0.34739630405847355,0.29247030112536804,0.30921467310596285
CZ053 - Pardubice,0.22742232788946898,0.22221990131622246,0.23298764014067175,0.23054828684687378,0.3411703507743792,0.23633453210757566,0.2559059124656064,0.24838911875077305,0.0,0.25374620393557734,0.21765508241895143,0.24005172915490133,0.25500408183981194,0.2366598016251237,0.22522249633963548,0.22066042048689696,0.22559330135207215,0.24427007279373966,0.2493947060179704,0.22974156650025354,0.24397198602420964,0.24229006887706117,0.24089097582427746,0.2269550645588814,0.23165194695802022,0.2457652242341718,0.234402908799552,0.22967305655169687,0.23261526457180387,0.22543198067721465,0.24155331234707764,0.26158809830871915,0.2945941688827881,0.27415277422291306,0.2924686946695669,0.2907171427500526,0.26766484671751606,0.29971056354734854,0.30842991840189093,0.4158257488015032,0.31829254903422205,0.2415231146133502,0.2728591940287983,0.24688335483333468,0.29751745662650736,0.29434878388089325,0.29158330299476515,0.30539676535997373,0.343633120767784,0.2864990031358764,0.30085279187246433
CZ063 - Vysočina,0.2278019970365485,0.2272993357146416,0.22829506539073624,0.25736064781527884,0.3485990830010302,0.23778604000496986,0.2684349391614892,0.26651238038422537,0.25374620393557734,0.0,0.2133691936046949,0.23002872667793647,0.23244997221549143,0.231592170166626,0.20880619644553158,0.22811807689516153,0.21893423076214819,0.2354883308834361,0.24321639853443025,0.22538067008246027,0.2339539367537175,0.2311012204290439,0.2311239728846938,0.2196432344311777,0.22445767602910496,0.23280303082039888,0.22279863758116622,0.2171980946291097,0.22801739523205866,0.2194537778556401,0.2320608122115453,0.25602734514734315,0.2876658042613898,0.2695709807829915,0.2878597130214068,0.2815458374246477,0.26523583959503527,0.29660934759676477,0.2996179361543273,0.4148543587445159,0.31311406284056204,0.2365601424001424,0.2657793282818517,0.2410963497317335,0.2917199708361943,0.28606934219631863,0.28248201574273785,0.3013462486105096,0.3373114836046368,0.2804283459147253,0.2967703597873368
CZ064 - South Moravian,0.17494385842479934,0.17250574773556684,0.18846680893762413,0.21404806465624795,0.3301516030797478,0.2040961188329775,0.22542660278742527,0.22790334286068253,0.21765508241895143,0.2133691936046949,0.0,0.19063298595119824,0.20902800769389754,0.18451454304734738,0.16970630828062086,0.17987256680865235,0.17181835407933443,0.1977288191253769,0.20790878277372118,0.18685772886848784,0.20219703754656487,0.1934109001851555,0.18849328933248347,0.16750911084544953,0.1840339750708269,0.2055002021524829,0.1828523755894061,0.18082121195236853,0.18183602814481178,0.17613691779296559,0.17982782991269464,0.21011589587599122,0.24355456964862132,0.22342734479409995,0.24268153052493238,0.24181644700235547,0.2202061763959875,0.2607248401042633,0.26334563852042897,0.3878737332287386,0.2804394573518315,0.18777254252831127,0.2252786829647931,0.18742888191420282,0.2534402289482499,0.2442749962711554,0.25330534726803206,0.26460925294975446,0.30391970895053516,0.24154635647093423,0.25744382152163725
CZ071 - Olomouc,0.2103053697899827,0.20857598919554815,0.21784548432520837,0.23869706525962767,0.3442938325659855,0.22952899396956175,0.246295591149388,0.24682416503190646,0.24005172915490133,0.23002872667793647,0.19063298595119824,0.0,0.22461031518987656,0.21049242272484847,0.19773779860516807,0.21103711454885013,0.20564445677767298,0.21875683658842768,0.22753521187426073,0.21507183696323107,0.22313188690506663,0.2128438829297051,0.21035200912527777,0.19846536365797263,0.2132832353397007,0.2321802704437987,0.20729421987831298,0.2090523857096109,0.2086725617986721,0.20640995109625138,0.2151273494576662,0.2401301529084018,0.2710878141713399,0.25018083547768233,0.2682408695810984,0.26627888701378527,0.24668632777881874,0.2837985014954475,0.2878490631752431,0.40589918306012635,0.3005700133390377,0.2200135730584605,0.2519462367657978,0.22222979042882915,0.27743845052083094,0.27136697579622243,0.2739295277895567,0.28734390878560456,0.3256492603478473,0.2649810076614924,0.2803492575172233
CZ072 - Zlín,0.22804759405535946,0.2289798852748663,0.2356372452925926,0.2526205535098202,0.3436849888418622,0.24244587474797452,0.2642690916339528,0.26377335020832493,0.25500408183981194,0.23244997221549143,0.20902800769389754,0.22461031518987656,0.0,0.22344772384080397,0.20609378463297376,0.22467891497151893,0.21668085133350956,0.22390225764889105,0.23990531993734218,0.22341996136611547,0.23021650728093082,0.22260808676640603,0.2213573209070915,0.21223097759060847,0.21691472243696527,0.2345277602811073,0.20969650224973732,0.21719975293062915,0.22294668545283894,0.21555505989611837,0.22901269648666142,0.2531029278689588,0.28476464111379285,0.2677896637949239,0.28381249517378976,0.2795034682918045,0.26047169337772785,0.2945620203825914,0.29697841873839803,0.4128887072139154,0.3101283695536217,0.23181410668490957,0.26282442903906267,0.23692675677338537,0.28874640277417635,0.2844029989314201,0.28126076348312956,0.29356751611062026,0.33589639745960903,0.27937453152917263,0.2896581657643922
CZ080 - Moravian-Silesian,0.19270769552235503,0.19182200599347243,0.2145950738289777,0.23201260747709826,0.33484499614265145,0.22479276182846522,0.2325727897720795,0.24359996976975526,0.2366598016251237,0.231592170166626,0.18451454304734738,0.21049242272484847,0.22344772384080397,0.0,0.19490940331455497,0.19757126999627084,0.18339638709757253,0.1889101073473135,0.2148521236601658,0.19918254931932922,0.22134143818316462,0.1841865189486546,0.18844881130725408,0.17600184903975313,0.20338042365106324,0.22821940148490785,0.19798764419448847,0.20723795446488844,0.1987629152948651,0.18681407268833689,0.19908696409102336,0.2289676469128546,0.26374092581104747,0.24408011640673408,0.2636310204636388,0.2606133669897985,0.23987323926098222,0.277209732869995,0.2823352564496366,0.400736784214804,0.29757334247940903,0.20432752716767322,0.24232342712323823,0.20730541357081045,0.271913140655968,0.2643424861684438,0.2641137414351274,0.2809748309939983,0.3194258062634417,0.25742770088790096,0.27459067232994416
PL21 - Małopolskie,0.17618031904949202,0.1888263002441723,0.1911131066578643,0.2260109723396846,0.33160306778197957,0.20924154266680903,0.2430457181266179,0.23290431861365288,0.22522249633963548,0.20880619644553158,0.16970630828062086,0.19773779860516807,0.20609378463297376,0.19490940331455497,0.0,0.15144662356822733,0.15219728608394792,0.18490182374113132,0.19785475801318914,0.1629449730224523,0.17588664959632944,0.17430581867286538,0.18532389879008224,0.1690431978207026,0.15856215696676437,0.1670842459076775,0.15428198764061207,0.14210347794683684,0.17448439495903442,0.14837284174507898,0.16596022176133465,0.19900595315445885,0.23827342379288938,0.21399129393636582,0.23856473170596104,0.23399217050863166,0.21174831118164994,0.25988691584208584,0.2601293577017886,0.3871637967283613,0.27856329776413385,0.17816375258974068,0.2198792924344357,0.17351433932880778,0.2474189969282209,0.23701641992871947,0.2458516395080031,0.26077264140779394,0.2969903875756899,0.23558092011980447,0.25173306700259135
PL22 - Śląskie,0.18589501288764138,0.1865755762061774,0.2038736962885367,0.21898030773890215,0.33497311781767686,0.2110537060294846,0.23997067356948337,0.2339669144830887,0.22066042048689696,0.22811807689516153,0.17987256680865235,0.21103711454885013,0.22467891497151893,0.19757126999627084,0.15144662356822733,0.0,0.15089014784175567,0.19745311286289388,0.19356631125508372,0.15053808737480567,0.18845462214953362,0.18206775240646594,0.19679460925565448,0.17116888827232737,0.16017009247114453,0.17379312859361573,0.1676733198349196,0.154404679374491,0.17791762501964967,0.14291265039365375,0.18751395941650997,0.21803482144512182,0.2537291133291404,0.2334137253169792,0.25799439364135474,0.25408798964412294,0.23011823603138484,0.2682474288715508,0.27534324733054844,0.3948300826926945,0.2938227641813258,0.19918471984711683,0.23556143738956323,0.19696712734983432,0.26382856822133427,0.25480193743417123,0.26510172435795143,0.27522563676441425,0.3140272719499682,0.25620311842081134,0.26778666633336945
PL41 - Wielkopolskie,0.17314753892091597,0.17657307567665662,0.20149325116132977,0.22003677002639294,0.33764327828737495,0.20782931846639183,0.23276676970797988,0.2375206710178133,0.22559330135207215,0.21893423076214819,0.17181835407933443,0.20564445677767298,0.21668085133350956,0.18339638709757253,0.15219728608394792,0.15089014784175567,0.0,0.16337298742699313,0.1796943125415863,0.14049387879259298,0.17725640728499198,0.14536929710480856,0.16464413934218197,0.14272697448427657,0.14881138579570696,0.18608956880963395,0.14849718548120158,0.1655045515879749,0.1700263201681219,0.1299345943689164,0.1741960955553068,0.20694030275973052,0.24339741312234434,0.2238372701218532,0.24603674227260308,0.24075922322684098,0.22074072267624376,0.2605054662100381,0.2638891539288727,0.38984614474356766,0.2815569880676318,0.18356486616072812,0.2228811853748666,0.1835345234712693,0.25353326148997574,0.24361655927172388,0.2525424192256778,0.2637385678261474,0.3044373357242235,0.24092081864503867,0.2567785226499507
PL42 - Zachodniopomorskie,0.1952401956552405,0.1947100440178354,0.21717439703854466,0.23812017364930196,0.3462474842261333,0.2279523627065603,0.2392057051508503,0.25271422827822193,0.24427007279373966,0.2354883308834361,0.1977288191253769,0.21875683658842768,0.22390225764889105,0.1889101073473135,0.18490182374113132,0.19745311286289388,0.16337298742699313,0.0,0.20822260430737805,0.18563472804228323,0.20834833055519716,0.161872838874952,0.1697415983537846,0.1641746455887269,0.18762577100683525,0.22063246229393402,0.1873309618639439,0.20564137659452184,0.19858277178844425,0.17443039924613352,0.19595670758240172,0.22235398861652492,0.2562803651701029,0.23938242408249621,0.2576447106497997,0.2570558352565925,0.23376202693765613,0.27206120673172524,0.2760697125871346,0.4003734084827454,0.2899539584113519,0.2000798656320187,0.23573730388548886,0.20361775535484147,0.2652272073572482,0.2572522488932491,0.25896127721773043,0.2773081544802484,0.31390491937795995,0.2521253937952918,0.2681260301490767
PL43 - Lubuskie,0.2189062817783603,0.21577417681652716,0.22271598978750382,0.24377184449489914,0.35195179418873973,0.2281494567241306,0.252284780906411,0.2612332941854974,0.2493947060179704,0.24321639853443025,0.20790878277372118,0.22753521187426073,0.23990531993734218,0.2148521236601658,0.19785475801318914,0.19356631125508372,0.1796943125415863,0.20822260430737805,0.0,0.18552708364713766,0.21083763905789632,0.19251194881975403,0.20363398969831079,0.19274431028207148,0.19102582495597492,0.2137869343818281,0.191042324895443,0.19287194320263412,0.20017347880730452,0.1775939692261187,0.22815299826649993,0.24941114677757034,0.2816007610861549,0.2660044595840995,0.28389243407739273,0.28107845447262014,0.2597042693242161,0.29421416112308135,0.2999808199898819,0.41311107650104,0.3140905194906247,0.2312887661806739,0.2624051506342816,0.2341215164357544,0.29079779230335034,0.28506754017040936,0.2860093879111766,0.2990239768689413,0.33743059215952237,0.27925335048359357,0.29385703532256663
PL51 - Dolnośląskie,0.18816573271684855,0.1963550608819987,0.20679836662815856,0.22579383293460045,0.3435818649057588,0.21579376006249626,0.24651052905688803,0.24671366471816755,0.22974156650025354,0.22538067008246027,0.18685772886848784,0.21507183696323107,0.22341996136611547,0.19918254931932922,0.1629449730224523,0.15053808737480567,0.14049387879259298,0.18563472804228323,0.18552708364713766,0.0,0.18184020296087974,0.1694406435330965,0.18584613688718096,0.16624077152953926,0.14975195712130687,0.1808720729367941,0.1595824704290311,0.16702109759237266,0.17280460362721736,0.13371058356630794,0.1926257446047664,0.2232901388218903,0.25613435157051045,0.238030963586433,0.25940098708957415,0.2546902242729512,0.23293595836440617,0.27097759352737205,0.2781379689033249,0.3946506117272984,0.2898810289357969,0.20099447493849623,0.23643571281189357,0.20169865966315476,0.26471678139336496,0.2578047152000929,0.2626774968119813,0.2754806018064824,0.3150543228121928,0.25264038976414904,0.27081867310358787
PL52 - Opolskie,0.2094930051032026,0.21760988898619732,0.2236788612329747,0.2475381455934577,0.349699699994767,0.2332288622448268,0.2588883934559244,0.25877645903375623,0.24397198602420964,0.2339539367537175,0.20219703754656487,0.22313188690506663,0.23021650728093082,0.22134143818316462,0.17588664959632944,0.18845462214953362,0.17725640728499198,0.20834833055519716,0.21083763905789632,0.18184020296087974,0.0,0.20438179510935361,0.2072851210283016,0.195382354996328,0.17612255834456778,0.20408799810082837,0.17511575919420927,0.18294451415714477,0.1898875575807862,0.17101673323497493,0.20366831519580622,0.23086330109703482,0.2657805707881852,0.24536696643526573,0.2648861117114982,0.2604331527943905,0.24308278569303576,0.282907841206246,0.28304337373538047,0.40947451134462,0.29670498011433677,0.2077087482231986,0.2417915418104666,0.21198233863880106,0.27101426362085107,0.26647992926927344,0.265919638928922,0.2836322892677412,0.32430117501017214,0.25939691083534067,0.27830466252232045
PL61 - Kujawsko-Pomorskie,0.1900048151842418,0.18513306843175145,0.21473687612067055,0.23505774941818502,0.3446826140021781,0.21705654917435668,0.23865727017130886,0.2523941366670734,0.24229006887706117,0.2311012204290439,0.1934109001851555,0.2128438829297051,0.22260808676640603,0.1841865189486546,0.17430581867286538,0.18206775240646594,0.14536929710480856,0.161872838874952,0.19251194881975403,0.1694406435330965,0.20438179510935361,0.0,0.16299107091407347,0.1588244289103959,0.17709739661511115,0.21091242130470644,0.17667547915373744,0.1894746709289654,0.18703717819721188,0.15994448920048,0.19665635178860894,0.22553459583904714,0.2631484634247327,0.2425692622786697,0.2637015817043647,0.2605622785153211,0.23772423587622019,0.276105438547457,0.280373385945155,0.40129883209631395,0.29711164598885564,0.20341409299682311,0.23967727728924515,0.20629209035097154,0.27038168909374516,0.2630126196170499,0.26709076298934736,0.2799674984660151,0.3207349902351714,0.25938006415859305,0.27504190655419214
PL62 - Warmińsko-Mazurskie,0.1920731978971472,0.19215021219124268,0.21689563316600285,0.23433430338331845,0.3432841685793091,0.2252883674032412,0.23617001360788875,0.2500916467305271,0.24089097582427746,0.2311239728846938,0.18849328933248347,0.21035200912527777,0.2213573209070915,0.18844881130725408,0.18532389879008224,0.19679460925565448,0.16464413934218197,0.1697415983537846,0.20363398969831079,0.18584613688718096,0.2072851210283016,0.16299107091407347,0.0,0.16145965719885721,0.18659101418044804,0.220313025030909,0.18236520980123266,0.19815150682126814,0.18800115348638988,0.17100464330706439,0.1937632254323569,0.2218393539130069,0.2575656227422188,0.23615269343939035,0.2561174087523926,0.2534131518631059,0.23242267387649018,0.2725590553223028,0.27471664105920873,0.3990727835768978,0.29141479772133966,0.19941064146247406,0.2363512432809627,0.20209671611985872,0.26499442277386703,0.2570060775347358,0.2614659803627339,0.27575108426820205,0.31785169284243214,0.25008100141505324,0.2696513642423961
PL63 - Pomorskie,0.1688141958781952,0.17493848912774262,0.19897077622396891,0.2187659922553442,0.3407296033759284,0.2117670126641631,0.23471614529738205,0.24136419961152522,0.2269550645588814,0.2196432344311777,0.16750911084544953,0.19846536365797263,0.21223097759060847,0.17600184903975313,0.1690431978207026,0.17116888827232737,0.14272697448427657,0.1641746455887269,0.19274431028207148,0.16624077152953926,0.195382354996328,0.1588244289103959,0.16145965719885721,0.0,0.1718685786494414,0.20427495910842164,0.15977023067891724,0.17666549794778164,0.16994173939587573,0.14325519291661792,0.1717710115476595,0.20162157166902156,0.24054050917152567,0.21741734359946976,0.23898821416838056,0.23774468605959792,0.2136684658776029,0.2584833272423013,0.2575996678869597,0.38770355681138596,0.27668849237452936,0.18051327752172183,0.2168058335380703,0.17915352232247647,0.24587303668469615,0.23824385073210363,0.2477095250129288,0.2614755490546261,0.29805235494160565,0.23550632194763318,0.2506217473370494
PL71 - Łódzkie,0.19410758314817478,0.19913318976238384,0.20618244111072973,0.23144455747962042,0.3422254166560385,0.2145840248091579,0.2465980645242066,0.24459751021078632,0.23165194695802022,0.22445767602910496,0.1840339750708269,0.2132832353397007,0.21691472243696527,0.20338042365106324,0.15856215696676437,0.16017009247114453,0.14881138579570696,0.18762577100683525,0.19102582495597492,0.14975195712130687,0.17612255834456778,0.17709739661511115,0.18659101418044804,0.1718685786494414,0.0,0.18377782862912243,0.15708204901993394,0.1668629612359714,0.17940804826209483,0.14547435720594767,0.19525652750046937,0.22386515369263835,0.2582243681078356,0.23985934842438184,0.25929678398821393,0.25564587087255575,0.2334310525786759,0.2748726569210619,0.2799475116051365,0.39691020362854396,0.2918750555234855,0.2035708270578095,0.23961985293261515,0.20307626585093283,0.2661389592153741,0.2583897517382619,0.265660142777207,0.2787270587039434,0.31853444664456154,0.25549332029996324,0.2708900182802481
PL72 - Świętokrzyskie,0.21371697524396957,0.21978668457182757,0.22415290587027925,0.24597887020439468,0.34968961448302605,0.23153897015840597,0.26509337667014066,0.25645101953540217,0.2457652242341718,0.23280303082039888,0.2055002021524829,0.2321802704437987,0.2345277602811073,0.22821940148490785,0.1670842459076775,0.17379312859361573,0.18608956880963395,0.22063246229393402,0.2137869343818281,0.1808720729367941,0.20408799810082837,0.21091242130470644,0.220313025030909,0.20427495910842164,0.18377782862912243,0.0,0.18422281171643456,0.1658787973717768,0.20255432418013053,0.17648154203894922,0.21795593846789646,0.24269863390637667,0.27625434195672566,0.2581284143636053,0.2772546453336674,0.27542690583394325,0.25426422774515045,0.29255472496916946,0.2976321000456542,0.4130386651914418,0.3103284475070734,0.22550144355498825,0.259376395524715,0.22575506288440986,0.28526905337816305,0.2760452377825799,0.2834742614701354,0.2928316240227319,0.33175452413243894,0.2744984754381593,0.28818855814651095
PL81 - Lubelskie,0.18417478177148003,0.19736363751923844,0.20478512418709072,0.22787870888091738,0.34484564823405506,0.21880403787710379,0.2478704015563741,0.24346249209778054,0.234402908799552,0.22279863758116622,0.1828523755894061,0.20729421987831298,0.20969650224973732,0.19798764419448847,0.15428198764061207,0.1676733198349196,0.14849718548120158,0.1873309618639439,0.191042324895443,0.1595824704290311,0.17511575919420927,0.17667547915373744,0.18236520980123266,0.15977023067891724,0.15708204901993394,0.18422281171643456,0.0,0.16055899005197585,0.16027962736392254,0.13601679686965018,0.18333120616630194,0.2136696932552339,0.24773828008930698,0.22880534733644325,0.24923518677531553,0.24413699674961342,0.22459552021986434,0.270942738905317,0.2696549706602056,0.39599974043576536,0.2858338675072929,0.19112758462253146,0.22976053392550366,0.19076241931482496,0.25777217653498613,0.2482998246711195,0.25737114388624227,0.26960257700269114,0.3091589141338911,0.24545870000758863,0.2626251564962506
PL82 - Podkarpackie,0.19181810409478103,0.19266404878091897,0.20370713234166538,0.23255770817047838,0.34073294899589385,0.21145439618977385,0.24820489154568148,0.24010976380996957,0.22967305655169687,0.2171980946291097,0.18082121195236853,0.2090523857096109,0.21719975293062915,0.20723795446488844,0.14210347794683684,0.154404679374491,0.1655045515879749,0.20564137659452184,0.19287194320263412,0.16702109759237266,0.18294451415714477,0.1894746709289654,0.19815150682126814,0.17666549794778164,0.1668629612359714,0.1658787973717768,0.16055899005197585,0.0,0.17853634971865015,0.14391259302121678,0.1914314255434598,0.22113998796661208,0.25581952460682506,0.2336656539508118,0.257385719934145,0.25562430009838594,0.23177304196576332,0.2754043925649599,0.278921387422271,0.39773975436832565,0.294738142034201,0.20267571847329247,0.2371904971962666,0.1985262833457679,0.2658440938964663,0.25559670888888825,0.2660712566403285,0.275012714158455,0.3162922649446545,0.2564887468751563,0.2707699805866247
PL84 - Podlaskie,0.18491093341299733,0.19684782368862644,0.2031908393953163,0.2279191057662668,0.3431319093288572,0.21610578946852063,0.24541768891977211,0.2453722491351045,0.23261526457180387,0.22801739523205866,0.18183602814481178,0.2086725617986721,0.22294668545283894,0.1987629152948651,0.17448439495903442,0.17791762501964967,0.1700263201681219,0.19858277178844425,0.20017347880730452,0.17280460362721736,0.1898875575807862,0.18703717819721188,0.18800115348638988,0.16994173939587573,0.17940804826209483,0.20255432418013053,0.16027962736392254,0.17853634971865015,0.0,0.15637450651273715,0.18850785530911057,0.21858576380486733,0.250291452568898,0.2309357357060809,0.2529346247788153,0.2500727057651789,0.2284705185282558,0.2716346893633495,0.2717449936964513,0.39834201102214534,0.28703922024417977,0.19472487641192582,0.23260496873949746,0.19581280582816069,0.2606472683111018,0.25251279240178687,0.25982260231614107,0.2741558685802547,0.31254107211753523,0.24761842029109996,0.2661911217361049
PL9 - Mazowieckie,0.17350618325229636,0.18282175399431097,0.19673078726545756,0.21988666643010352,0.33841487391893077,0.21219143406971877,0.2393706495000796,0.24017437620334417,0.22543198067721465,0.2194537778556401,0.17613691779296559,0.20640995109625138,0.21555505989611837,0.18681407268833689,0.14837284174507898,0.14291265039365375,0.1299345943689164,0.17443039924613352,0.1775939692261187,0.13371058356630794,0.17101673323497493,0.15994448920048,0.17100464330706439,0.14325519291661792,0.14547435720594767,0.17648154203894922,0.13601679686965018,0.14391259302121678,0.15637450651273715,0.0,0.17647607904070445,0.20789914921520475,0.24500024938234274,0.22438226124597946,0.24649942114163917,0.24330696192612825,0.21963652425620797,0.26279413064448326,0.26462725401095694,0.38838537133053347,0.2815857809207601,0.18721894544698858,0.22333938061780512,0.18557070141255877,0.2536687277660812,0.24355017647956143,0.25565976654268124,0.26547185429961007,0.3046675110249872,0.2426183984877395,0.25707052676623354
SE110 - Stockholm,0.16461633648842536,0.18970595710267588,0.20843002888517712,0.23123211793982104,0.3542634124390429,0.23476484749294002,0.2506512831996011,0.2454418982363541,0.24155331234707764,0.2320608122115453,0.17982782991269464,0.2151273494576662,0.22901269648666142,0.19908696409102336,0.16596022176133465,0.18751395941650997,0.1741960955553068,0.19595670758240172,0.22815299826649993,0.1926257446047664,0.20366831519580622,0.19665635178860894,0.1937632254323569,0.1717710115476595,0.19525652750046937,0.21795593846789646,0.18333120616630194,0.1914314255434598,0.18850785530911057,0.17647607904070445,0.0,0.15221935955297028,0.18518398469482528,0.15924947759890945,0.18739307516718015,0.18813251068413747,0.16802691229212827,0.2291767477901682,0.21569941474053536,0.36243748732377196,0.2430361915106266,0.1347852368836141,0.17387493021910982,0.11510852964186298,0.20010280255368632,0.183773158128202,0.2169040107544591,0.22247932076752364,0.26401445799460344,0.1937520396040711,0.21194487604842724
SE121 - Uppsala,0.1904347271448654,0.2184564567240995,0.23138271266649615,0.24877464334912036,0.36759345856220094,0.2579447531710188,0.26781442484085977,0.2658316225958723,0.26158809830871915,0.25602734514734315,0.21011589587599122,0.2401301529084018,0.2531029278689588,0.2289676469128546,0.19900595315445885,0.21803482144512182,0.20694030275973052,0.22235398861652492,0.24941114677757034,0.2232901388218903,0.23086330109703482,0.22553459583904714,0.2218393539130069,0.20162157166902156,0.22386515369263835,0.24269863390637667,0.2136696932552339,0.22113998796661208,0.21858576380486733,0.20789914921520475,0.15221935955297028,0.0,0.20529553916521484,0.17590193315921984,0.1976531791868061,0.2047529358324446,0.17987852452696498,0.23708798256105848,0.21925832429500305,0.3671208464477184,0.24600771626960444,0.15610728346152664,0.18426076115343468,0.14483437794313775,0.2069406450134412,0.2008021013491611,0.21934141135939106,0.22778601671427617,0.2663360719432549,0.2006144056441736,0.22189139777926084
SE122 - Södermanland,0.23200509417113777,0.2551259283861011,0.26334077869245687,0.28237180940439005,0.3914493283063588,0.29152858381374885,0.29867646106310236,0.29783666682217375,0.2945941688827881,0.2876658042613898,0.24355456964862132,0.2710878141713399,0.28476464111379285,0.26374092581104747,0.23827342379288938,0.2537291133291404,0.24339741312234434,0.2562803651701029,0.2816007610861549,0.25613435157051045,0.2657805707881852,0.2631484634247327,0.2575656227422188,0.24054050917152567,0.2582243681078356,0.27625434195672566,0.24773828008930698,0.25581952460682506,0.250291452568898,0.24500024938234274,0.18518398469482528,0.20529553916521484,0.0,0.20953139565231216,0.22507531771273212,0.23080091651081197,0.21187583135354707,0.2638281720908396,0.24873219058406704,0.37944677240922464,0.2733403484364497,0.20229894801802087,0.21783028914191752,0.19130141110355678,0.23644395692094156,0.22599031044120987,0.252412731931228,0.25561179708693904,0.28985030432338216,0.23567047250609427,0.2505960298787331
SE123 - Östergötland,0.20287193906263196,0.23088650930299834,0.245045897090785,0.26213218547743317,0.37803775859638117,0.2712453342993455,0.2804528370149073,0.27793889306949915,0.27415277422291306,0.2695709807829915,0.22342734479409995,0.25018083547768233,0.2677896637949239,0.24408011640673408,0.21399129393636582,0.2334137253169792,0.2238372701218532,0.23938242408249621,0.2660044595840995,0.238030963586433,0.24536696643526573,0.2425692622786697,0.23615269343939035,0.21741734359946976,0.23985934842438184,0.2581284143636053,0.22880534733644325,0.2336656539508118,0.2309357357060809,0.22438226124597946,0.15924947759890945,0.17590193315921984,0.20953139565231216,0.0,0.19838434878705152,0.20892108036071524,0.1851707809971352,0.23959803734237806,0.225655099379067,0.36784537819519075,0.24944251810925347,0.16244603727909782,0.188782303564677,0.15367804277595357,0.2109156588603567,0.20258600670582427,0.2265087822475632,0.23686186453814181,0.26898733035485883,0.20601284099948333,0.2269891812841637
SE124 - Örebro,0.2195567192640949,0.25330231366894945,0.2609225177345931,0.28117712055172905,0.39046472457809067,0.29170794560759084,0.29631000118666967,0.2963508302560307,0.2924686946695669,0.2878597130214068,0.24268153052493238,0.2682408695810984,0.28381249517378976,0.2636310204636388,0.23856473170596104,0.25799439364135474,0.24603674227260308,0.2576447106497997,0.28389243407739273,0.25940098708957415,0.2648861117114982,0.2637015817043647,0.2561174087523926,0.23898821416838056,0.25929678398821393,0.2772546453336674,0.24923518677531553,0.257385719934145,0.2529346247788153,0.24649942114163917,0.18739307516718015,0.1976531791868061,0.22507531771273212,0.19838434878705152,0.0,0.2221025617630528,0.20362849438187264,0.2489074374980927,0.23044446966836896,0.3708787309432736,0.2541966190627717,0.18535181329378533,0.2054518504918755,0.17793519790802786,0.21993835115765858,0.21554279339722474,0.2351542240614737,0.24225260303825455,0.27476082018081793,0.21578704278337854,0.2356712648020445
SE125 - Västmanland,0.2268463970480301,0.2547651022439895,0.2601324854459986,0.2788630173876849,0.38922868982680037,0.28812859710261507,0.2962373314972833,0.29266282665145754,0.2907171427500526,0.2815458374246477,0.24181644700235547,0.26627888701378527,0.2795034682918045,0.2606133669897985,0.23399217050863166,0.25408798964412294,0.24075922322684098,0.2570558352565925,0.28107845447262014,0.2546902242729512,0.2604331527943905,0.2605622785153211,0.2534131518631059,0.23774468605959792,0.25564587087255575,0.27542690583394325,0.24413699674961342,0.25562430009838594,0.2500727057651789,0.24330696192612825,0.18813251068413747,0.2047529358324446,0.23080091651081197,0.20892108036071524,0.2221025617630528,0.0,0.21468206809268797,0.26247118106049117,0.24126041075490984,0.3720578759119251,0.2676195101170458,0.1996309448877735,0.21666831033486147,0.1873710953551812,0.23285684270779233,0.22345757928480114,0.24926274186705585,0.25066134412935,0.28619605906092155,0.22548863603528885,0.2416918043559713
SE211 - Jönköping,0.19799479056997016,0.22588559806357628,0.2385767010552697,0.2575056464055149,0.36828074117192944,0.26832855501174335,0.2734700970784753,0.2743664575442644,0.26766484671751606,0.26523583959503527,0.2202061763959875,0.24668632777881874,0.26047169337772785,0.23987323926098222,0.21174831118164994,0.23011823603138484,0.22074072267624376,0.23376202693765613,0.2597042693242161,0.23293595836440617,0.24308278569303576,0.23772423587622019,0.23242267387649018,0.2136684658776029,0.2334310525786759,0.25426422774515045,0.22459552021986434,0.23177304196576332,0.2284705185282558,0.21963652425620797,0.16802691229212827,0.17987852452696498,0.21187583135354707,0.1851707809971352,0.20362849438187264,0.21468206809268797,0.0,0.23578111001276847,0.22160002068597487,0.3662982812236103,0.24819492115604833,0.1675887239456729,0.1904337120508559,0.16011414693487466,0.21300508200767582,0.20746568824196893,0.225135110985169,0.23266851219267662,0.2698478045856341,0.20901558310761711,0.22515143169565557
SE212 - Kronoberg,0.24250403737382403,0.26480091400790595,0.2766613791415505,0.2854279982006614,0.3883244702013009,0.3003629040385224,0.3021845291135267,0.30169120328497273,0.29971056354734854,0.29660934759676477,0.2607248401042633,0.2837985014954475,0.2945620203825914,0.277209732869995,0.25988691584208584,0.2682474288715508,0.2605054662100381,0.27206120673172524,0.29421416112308135,0.27097759352737205,0.282907841206246,0.276105438547457,0.2725590553223028,0.2584833272423013,0.2748726569210619,0.29255472496916946,0.270942738905317,0.2754043925649599,0.2716346893633495,0.26279413064448326,0.2291767477901682,0.23708798256105848,0.2638281720908396,0.23959803734237806,0.2489074374980927,0.26247118106049117,0.23578111001276847,0.0,0.260944140322348,0.3794950747131921,0.2789851106418049,0.21973473291991336,0.23749357975817692,0.22354926866778022,0.26090801020342336,0.2573760135004844,0.26125429758990437,0.2613070991310415,0.297886837949856,0.2525056815715505,0.2665175112345943
