## This software comes AS IS in the hope that it will be useful WITHOUT ANY WARRANTY, 
## NOT even the implied warranty of MERCHANTABILITY or FITNESS FOR A PARTICULAR PURPOSE. 
## Please understand that there may still be bugs and errors. Use it at your own risk. 
## We take no responsibility for any errors or omissions in this package or for any misfortune 
## that may befall you or others as a result of its use. Please send comments and report 
## bugs to Krzysztof Bartoszek at krzbar@protonmail.ch .

# <-list(
# v_regions_keep=,
# c_RData_file=,
# v_countries=,
# v_countries_rem=c("DE"),
# c_baseline_country=,
# v_colours=,
# v_names_colours=,
# v_legend_names=,
# vymax_pc=,
# vymax_prop=,
# )


l_PL91PL82PL414PL415PL219PL823<-list(
v_regions_keep=c("PL91","PL82","PL414","PL415","PL219","PL823"),
c_RData_file="EurostatMortalityPopulations_20210906_PL_Wojew_01.RData",
v_countries=c("PL91","PL82","PL414","PL415","PL219","PL823"),
v_countries_rem=c("DE"),
c_baseline_country=c("PL82"),
v_colours=c("blue","red","green","black","pink","orange"),
v_names_colours=c("PL91","PL82","PL414","PL415","PL219","PL823"),
v_legend_names=c("Warszawa","Podkarpacie","Koninski","Poznan","Nowotarski","Rzeszow"),
vymax_pc=c("0_4"=0.0001,    "5_9"=0.00005,    "10_14"=0.00005,  "15_19"=0.0001,  "20_24"=0.0001,  "25_29"=0.0001,  
"30_34"=0.0001,  "35_39"=0.0001, "40_44"=0.00012,  "45_49"=0.0002,  "50_54"=0.0002,  "55_59"=0.0006,  "60_64"=0.001, "65_69"=0.002,  
"70_74"=0.003,  "75_79"=0.006,  "80_84"=0.01,  "85_89"=0.015,  "90_Inf"=0.025, "0_Inf"=0.0005),
vymax_prop=c("0_4"=15,    "5_9"=20,    "10_14"=15,  "15_19"=20,  "20_24"=15,  "25_29"=15,  
"30_34"=30,  "35_39"=20, "40_44"=10,  "45_49"=10,  "50_54"=10,  "55_59"=10,  "60_64"=10, "65_69"=10,  
"70_74"=10,  "75_79"=10,  "80_84"=10,  "85_89"=10,  "90_Inf"=10, "0_Inf"=6)
)


l_PL82PL414PL415PL219<-list(
v_regions_keep=c("PL91","PL82","PL414","PL415","PL219","PL823"),
c_RData_file="EurostatMortalityPopulations_20210906_PL_Wojew_01.RData",
v_countries=c("PL414","PL415","PL219"),
v_countries_rem=c("DE"),
c_baseline_country=c("PL82"),
v_colours=c("green","black","pink"),
v_names_colours=c("PL414","PL415","PL219"),
v_legend_names=c("Koninski","Poznan","Nowotarski"),
vymax_pc=c("0_4"=0.0001,    "5_9"=0.00005,    "10_14"=0.00005,  "15_19"=0.0001,  "20_24"=0.0001,  "25_29"=0.0001,  
"30_34"=0.0001,  "35_39"=0.0001, "40_44"=0.00012,  "45_49"=0.0002,  "50_54"=0.0002,  "55_59"=0.0006,  "60_64"=0.001, "65_69"=0.002,  
"70_74"=0.003,  "75_79"=0.006,  "80_84"=0.01,  "85_89"=0.015,  "90_Inf"=0.025, "0_Inf"=0.0005),
vymax_prop=c("0_4"=15,    "5_9"=20,    "10_14"=15,  "15_19"=20,  "20_24"=15,  "25_29"=15,  
"30_34"=30,  "35_39"=20, "40_44"=10,  "45_49"=10,  "50_54"=10,  "55_59"=10,  "60_64"=10, "65_69"=10,  
"70_74"=10,  "75_79"=10,  "80_84"=10,  "85_89"=10,  "90_Inf"=10, "0_Inf"=6)
)


l_SE11SE123SE232SE224UKIFR1ITC4<-list(
v_regions_keep=c("CH","SE11","SE123","SE232","SE224","UKI","FR101","ITC4","ES300","PT17","PL911","ITI43","SE","UK","FR","IT","ES","PT","PL","CZ"),
c_RData_file="EurostatMortalityPopulations_20210906_RegionsToSTHSE.RData",
v_countries=c("SE123","SE232","SE224","UKI","FR1","ITC4") ,
v_countries_rem=c("DE"),
c_baseline_country=c("SE11"),
v_colours=c("blue","green","red","black","brown","orange","yellow"),
v_names_colours=c("SE11","SE123","SE232","SE224","UKI","FR1","ITC4"),
v_legend_names=c("Stockholm","OGot","VGot","Skane","London","Paris","Lombardy"),
vymax_pc=c("0_4"=0.0001,    "5_9"=0.00005,    "10_14"=0.00005,  "15_19"=0.0001,  "20_24"=0.0001,  "25_29"=0.0001,  
"30_34"=0.0001,  "35_39"=0.0001, "40_44"=0.00012,  "45_49"=0.0002,  "50_54"=0.0002,  "55_59"=0.0006,  "60_64"=0.001, "65_69"=0.002,  
"70_74"=0.003,  "75_79"=0.006,  "80_84"=0.01,  "85_89"=0.015,  "90_Inf"=0.025, "0_Inf"=0.0005),
vymax_prop=c("0_4"=15,    "5_9"=20,    "10_14"=15,  "15_19"=20,  "20_24"=15,  "25_29"=15,  
"30_34"=30,  "35_39"=20, "40_44"=10,  "45_49"=10,  "50_54"=10,  "55_59"=10,  "60_64"=10, "65_69"=10,  
"70_74"=10,  "75_79"=10,  "80_84"=10,  "85_89"=10,  "90_Inf"=10, "0_Inf"=6)
)

l_SE11FR101ITC4ES300PT17PL911ITI43<-list(
v_regions_keep=c("CH","SE11","SE123","SE232","SE224","UKI","FR101","ITC4","ES300","PT17","PL911","ITI43","SE","UK","FR","IT","ES","PT","PL","CZ"),
c_RData_file="EurostatMortalityPopulations_20210906_RegionsToSTHSE.RData",
v_countries=c("FR101","ITC4","ES300","PT17","PL911","ITI43"),
v_countries_rem=c("DE"),
c_baseline_country=c("SE11"),
v_colours=c("blue","red","black","orange","yellow","brown","pink"),
v_names_colours=c("SE11","FR101","ITC4","ES300","PT17","PL911","ITI43"),
v_legend_names=c("Stockholm","Paris","Lombardy","Madrid","Lisbon","Warsaw","Rome"),
vymax_pc=c("0_4"=0.0001,    "5_9"=0.00005,    "10_14"=0.00005,  "15_19"=0.0001,  "20_24"=0.0001,  "25_29"=0.0001,  
"30_34"=0.0001,  "35_39"=0.0001, "40_44"=0.00012,  "45_49"=0.0002,  "50_54"=0.0002,  "55_59"=0.0006,  "60_64"=0.001, "65_69"=0.002,  
"70_74"=0.003,  "75_79"=0.006,  "80_84"=0.01,  "85_89"=0.015,  "90_Inf"=0.025, "0_Inf"=0.0005),
vymax_prop=c("0_4"=15,    "5_9"=20,    "10_14"=15,  "15_19"=20,  "20_24"=15,  "25_29"=15,  
"30_34"=30,  "35_39"=20, "40_44"=10,  "45_49"=10,  "50_54"=10,  "55_59"=10,  "60_64"=10, "65_69"=10,  
"70_74"=10,  "75_79"=10,  "80_84"=10,  "85_89"=10,  "90_Inf"=10, "0_Inf"=6)
)


l_SE11UKI<-list(
v_regions_keep=c("CH","SE11","SE123","SE232","SE224","UKI","FR101","ITC4","ES300","PT17","PL911","ITI43","SE","UK","FR","IT","ES","PT","PL","CZ"),
c_RData_file="EurostatMortalityPopulations_20210906_RegionsToSTHSE.RData",
v_countries=c("UKI"),
v_countries_rem=c("DE"),
c_baseline_country=c("SE11"),
v_colours=c("blue","red"),
v_names_colours=c("SE11","UKI"),
v_legend_names=c("Stockholm","London"),
vymax_pc=c("0_4"=0.0001,    "5_9"=0.00005,    "10_14"=0.00005,  "15_19"=0.0001,  "20_24"=0.0001,  "25_29"=0.0001,  
"30_34"=0.0001,  "35_39"=0.0001, "40_44"=0.00012,  "45_49"=0.0002,  "50_54"=0.0002,  "55_59"=0.0006,  "60_64"=0.001, "65_69"=0.002,  
"70_74"=0.003,  "75_79"=0.006,  "80_84"=0.01,  "85_89"=0.015,  "90_Inf"=0.025, "0_Inf"=0.0005),
vymax_prop=c("0_4"=15,    "5_9"=20,    "10_14"=15,  "15_19"=20,  "20_24"=15,  "25_29"=15,  
"30_34"=30,  "35_39"=20, "40_44"=10,  "45_49"=10,  "50_54"=10,  "55_59"=10,  "60_64"=10, "65_69"=10,  
"70_74"=10,  "75_79"=10,  "80_84"=10,  "85_89"=10,  "90_Inf"=10, "0_Inf"=6)
)

l_SE11FR101ITC4ES300PT17UKI<-list(
v_regions_keep=c("CH","SE11","SE123","SE232","SE224","UKI","FR101","ITC4","ES300","PT17","PL911","ITI43","SE","UK","FR","IT","ES","PT","PL","CZ"),
c_RData_file="EurostatMortalityPopulations_20210906_RegionsToSTHSE.RData",
v_countries=c("FR101","ITC4","ES300","PT17","UKI"),
v_countries_rem=c("DE"),
c_baseline_country=c("SE11"),
v_colours=c("blue","red","black","brown","pink","orange"),
v_names_colours=c("SE11","FR101","ITC4","ES300","PT17","UKI"),
v_legend_names=c("Stockholm","Paris","Lombardy","Madrid","Lisbon","London"),
vymax_pc=c("0_4"=0.0005,    "5_9"=0.00005,    "10_14"=0.00005,  "15_19"=0.0001,  "20_24"=0.0001,  "25_29"=0.0001,  
"30_34"=0.0001,  "35_39"=0.0001, "40_44"=0.0002,  "45_49"=0.0002,  "50_54"=0.0005,  "55_59"=0.0006,  "60_64"=0.001, "65_69"=0.002,  
"70_74"=0.003,  "75_79"=0.006,  "80_84"=0.01,  "85_89"=0.015,  "90_Inf"=0.025, "0_Inf"=0.001),
vymax_prop=c("0_4"=15,    "5_9"=20,    "10_14"=15,  "15_19"=20,  "20_24"=15,  "25_29"=15,  
"30_34"=30,  "35_39"=20, "40_44"=15,  "45_49"=10,  "50_54"=5,  "55_59"=5,  "60_64"=5, "65_69"=6,  
"70_74"=8,  "75_79"=10,  "80_84"=10,  "85_89"=10,  "90_Inf"=10, "0_Inf"=6.2)
)

l_SE11FR101ITC4UKI<-list(
v_regions_keep=c("CH","SE11","SE123","SE232","SE224","UKI","FR101","ITC4","ES300","PT17","PL911","ITI43","SE","UK","FR","IT","ES","PT","PL","CZ"),
c_RData_file="EurostatMortalityPopulations_20210906_RegionsToSTHSE.RData",
v_countries=c("FR101","ITC4","UKI"),
v_countries_rem=c("DE"),
c_baseline_country=c("SE11"), ## or SE110
v_colours=c("blue","red","black","orange"),
v_names_colours=c("SE11","FR101","ITC4","UKI"),