,CZ010 - Prague,CZ020 - Central Bohemian,CZ031 - South Bohemian,CZ032 - Plzeň,CZ041 - Karlovy Vary,CZ042 - Ústí nad Labem,CZ051 - Liberec,CZ052 - Hradec Králové,CZ053 - Pardubice,CZ063 - Vysočina,CZ064 - South Moravian,CZ071 - Olomouc,CZ072 - Zlín,CZ080 - Moravian-Silesian,PL21 - Małopolskie,PL22 - Śląskie,PL41 - Wielkopolskie,PL42 - Zachodniopomorskie,PL43 - Lubuskie,PL51 - Dolnośląskie,PL52 - Opolskie,PL61 - Kujawsko-Pomorskie,PL62 - Warmińsko-Mazurskie,PL63 - Pomorskie,PL71 - Łódzkie,PL72 - Świętokrzyskie,PL81 - Lubelskie,PL82 - Podkarpackie,PL84 - Podlaskie,PL9 - Mazowieckie,SE110 - Stockholm,SE121 - Uppsala,SE122 - Södermanland,SE123 - Östergötland,SE124 - Örebro,SE125 - Västmanland,SE211 - Jönköping,SE212 - Kronoberg,SE213 - Kalmar,SE214 - Gotland,SE221 - Blekinge,SE224 - Skåne,SE231 - Halland,SE232 - Västra Götaland,SE311 - Värmland,SE312 - Dalarna,SE313 - Gävleborg,SE321 - Västernorrland,SE322 - Jämtland,SE331 - Västerbotten,SE332 - Norrbotten
CZ010 - Prague,0.0,8.873950807815476,14.530992413261949,17.26919077840955,52.812883585986,15.84506519824916,14.971563541590886,22.234247644901615,15.226307675207131,21.709522549128398,11.168337860710885,13.814285031187076,20.248772839851107,18.07030099140945,14.834511756554932,23.61431689697327,12.353068618938387,12.326057390033125,15.929460009643226,16.80284972939545,20.147853766332968,13.969837849473368,12.560276280579554,8.301574829461256,19.140803763336304,20.95670374714723,20.09031637184505,15.894123470403137,16.117828466475093,15.728969713770294,21.790087982598777,22.18459521708666,17.92041839495633,18.103555785718765,19.225297328173397,21.157174148763847,18.452635091248318,22.102821657380982,19.207523490186276,25.451778506828077,23.423690535374973,17.940498513827265,19.02982388446878,18.220595022370638,15.390612630893038,16.75217335575484,16.504629969418584,17.9781895692368,17.059090666497518,17.31267750467301,13.628973206347833
CZ020 - Central Bohemian,8.873950807815476,0.0,12.122037848919959,14.223578381678138,48.99197926400054,12.389589108144413,12.392993994633336,16.90129305431513,12.325134616960568,19.670325657141348,8.254175841667834,11.405330466845086,16.346594672029024,14.056262938451205,15.659640472463185,21.617407086288647,15.312642008709663,14.745870221542269,11.13225794977745,12.984206404853591,17.855336640837827,11.716059810078328,10.353434474938048,11.733662384516911,15.165132577922037,16.54536883711647,16.188138204022966,13.263256077751322,10.501992542886548,11.43580274246995,26.229146933333872,25.333065126138514,19.653873971778417,22.54261473645386,22.373767237225252,23.566128713105837,22.891694041983413,26.541880608116077,23.64658244092137,29.890837457563173,26.324863593621536,22.37955746456236,23.468882835203875,22.38719512812551,17.799567195235028,21.191232306489937,17.628623434651725,22.417248519971896,20.207560575549373,19.721632069015,16.530146264594396
CZ031 - South Bohemian,14.530992413261949,12.122037848919959,0.0,19.735168867281793,50.883921393321074,10.222643547291963,14.996767207931008,20.2829186703632,14.993002741893086,9.422187666799466,6.769794701961942,8.961357808305806,13.569006867103159,13.711011350673406,14.156305694627786,18.900518915960262,13.780443966880366,13.213672179712972,9.140320090860058,12.855671347815015,16.32313859900853,12.578766083653882,15.421900851521197,15.709245897053464,12.86687032322433,14.526452493424333,11.800047975797824,13.750292422775928,9.130182325376762,9.19145578058254,33.75618062812488,31.70898703945896,31.775911820698376,27.87405764915588,29.10599707881983,35.6881665620258,28.687002649302656,28.198731214602773,28.636249560763815,29.446778659718355,25.093590031774575,28.70963864033512,30.987888762218795,30.16641696052167,29.921605044154987,28.853415346993312,27.425549691865225,30.66798586656937,31.274488527237033,31.84366991793496,24.97187170630561
CZ032 - Plzeň,17.26919077840955,14.223578381678138,19.735168867281793,0.0,38.39664490872664,10.35149710614943,11.233197752062182,16.833115115459872,7.404951918313646,21.65531160424601,18.849510196941733,22.375285522060118,21.554791840801048,18.38006980431457,27.441812645215446,22.577490014196034,26.236558524852963,24.749009014291225,20.67565692543831,23.70878573711515,27.858475433586783,22.288774806437615,21.398475085805675,24.38011424519901,23.51896190052046,23.220080561984364,24.289094176809282,24.190553737459595,20.505131335635504,21.2876331580993,37.24192738322451,34.309898107699915,28.686865037922054,33.834704001280926,34.52689034344101,34.35812036601413,32.89483283473237,36.54501940086503,33.64972123367033,39.89397625031213,40.548441975299674,34.77777198162214,34.07109665610936,35.34534646229534,29.40935941060321,32.583423973536554,31.852201816329863,32.42038731272085,33.89276638685328,30.44236021358889,30.753724646272534
CZ041 - Karlovy Vary,52.812883585986,48.99197926400054,50.883921393321074,38.39664490872664,0.0,48.74814201487607,48.94487569359849,32.23667961590123,41.628040102114475,59.74678627233395,57.24615510566838,54.19763139381032,55.929176566171925,54.15124453396936,60.28157493280648,53.98856405213989,58.90703797132148,52.63649145091091,54.62004488988583,56.51506926631798,56.023152679284635,54.55627383830651,53.031070633688884,57.44333542696322,52.531264576251225,56.552210566456644,55.614700949755225,57.86245193870484,49.20440837784897,54.520073191251406,69.05354992762366,67.59285149450245,63.441571464192435,64.0959995257662,66.83486510499816,62.35026977810723,60.74930510135071,61.575955665176984,62.77766624559037,65.17213330293811,59.37093803148174,63.927124097723016,66.94960535226691,64.83376145384364,55.01563386021952,57.965318974545426,56.52475095478193,59.10166559073724,58.992454605602894,59.84622669164979,55.136446948867984
CZ042 - Ústí nad Labem,15.84506519824916,12.389589108144413,10.222643547291963,10.35149710614943,48.74814201487607,0.0,10.162388628857684,16.511462398974842,9.733887088989732,13.010367870405549,11.520563681147152,16.05882412100477,16.39970384591435,11.699011270937195,21.125351244160097,16.261028613140684,20.093478647804616,18.749312707829457,13.994598392060936,17.3923243360598,21.341213037361698,15.972313405382266,17.20004501878186,18.06365284414366,17.20250049946511,16.903619160929015,17.972632775753933,17.874092336404246,16.292134289750507,16.13054688892214,35.534324795385544,35.65385987867178,29.328325337374544,30.13547555151708,32.69456198975852,33.24058007870197,29.252083737371848,30.43072368242444,30.41439372802448,33.212917716934754,34.231980574244325,31.01178363575813,29.230197502435786,31.586714520173217,27.474018560831155,26.40582886366948,25.535740415274514,28.22039938324554,30.52835532808264,29.743645031499074,24.437263245217185
CZ051 - Liberec,14.971563541590886,12.392993994633336,14.996767207931008,11.233197752062182,48.94487569359849,10.162388628857684,0.0,18.534049232017768,13.810173325046332,15.14916666411823,12.98500579682743,17.465651390776273,18.464832488142388,15.29011045165591,22.57281991255348,21.771515167148085,22.22582144879996,21.659049661632565,17.58569757277965,18.799151605831305,24.768516080928123,17.37914067515377,17.266613915028344,19.470480113915166,18.609327769236614,18.31044643070052,20.17096579690134,20.187248126014552,17.415171982976844,17.636833262502133,33.14232637342417,33.50834827054226,24.851195829708065,29.455794176544156,30.549050381628994,29.818071289053776,29.80487348207371,33.45506004820638,30.559761881011667,36.80401689765347,35.63880784401583,29.86813785033829,30.38206227529417,30.435712331011494,24.499725279319364,28.104411746580233,26.94256768504602,29.33042796006219,28.98313225556944,26.24838814270372,25.84409051498869
CZ052 - Hradec Králové,22.234247644901615,16.90129305431513,20.2829186703632,16.833115115459872,32.23667961590123,16.511462398974842,18.534049232017768,0.0,16.296276789691795,27.51010665643272,25.009475489767144,21.960951777909088,24.605244172377688,21.914564918068127,28.044895316905244,23.30572036137862,26.670358355420248,21.21119234079464,22.3833652739846,24.27838965041675,25.004442942876246,22.319594222405275,23.939593943950236,25.206655811061992,20.294584960349994,24.315530950555413,23.378021333853994,25.625772322803602,18.855443664536043,22.283393575350175,36.816870311722425,35.35617187860123,31.204891848291204,31.859319909864976,34.598185489096934,30.113590162206002,31.468288106991917,31.496613868980628,30.540986629689133,32.93545368703687,35.395218225410524,31.690444481821785,34.712925736365676,32.597081837942405,26.950552707402025,30.165880890053796,26.698978066440713,26.864985974836014,28.739542636964135,27.609547075748555,25.600500896383384
CZ053 - Pardubice,15.226307675207131,12.325134616960568,14.993002741893086,7.404951918313646,41.628040102114475,9.733887088989732,13.810173325046332,16.296276789691795,0.0,18.118746170219474,15.6181150035539,20.476841757342548,18.288068892398837,18.98581790348084,25.543368880497876,20.679046249478464,24.338114760135394,22.675176090260667,15.871075591917943,21.81034197239758,25.759230673699477,20.390331041720046,19.500031321088105,22.48167048048144,21.62051813580289,21.321636797266795,22.390650412091713,22.292109972742026,17.76550318330017,19.38918939338173,35.34348361850694,29.505316774179548,26.285483298822903,31.936260236563356,32.62844657872344,32.45967660129656,28.090251501212002,31.740438067344666,28.84513990014996,35.08939491679176,38.649998210582105,32.87932821690457,32.17265289139179,33.44690269757777,27.51091564588564,30.684980208818985,29.953758051612294,27.615805979200484,31.994322622135716,28.54391644887132,28.855280881554965
CZ063 - Vysočina,21.709522549128398,19.670325657141348,9.422187666799466,21.65531160424601,59.74678627233395,13.010367870405549,15.14916666411823,27.51010665643272,18.118746170219474,0.0,12.393959388212139,12.463948706856769,11.264899709038442,17.402587685494602,15.217835120640192,18.46529583517091,18.50869595334045,22.131449783764367,13.705388600240994,15.570753091010602,16.186585069824986,20.46230757709752,24.480781567778795,24.76812661331106,15.459729945384076,14.479395778807152,15.402113478318064,15.1893863579592,14.833792796096734,17.204715801948858,42.81506134438247,37.42666266618441,33.889632559983674,35.75409082347986,38.16487779507743,37.8018873013111,36.53282028636878,30.75227557374392,37.69513027702141,38.50565937597595,31.0290293291954,37.10935449272537,36.51093405143272,38.86745106917015,32.035325783440285,31.70698958370557,32.01050021298023,32.781706605854666,33.38820926652233,37.02438158049601,29.59349703391275
CZ064 - South Moravian,11.168337860710885,8.254175841667834,6.769794701961942,18.849510196941733,57.24615510566838,11.520563681147152,12.98500579682743,25.009475489767144,15.6181150035539,12.393959388212139,0.0,11.876983447928925,11.940134542961129,18.03073532918525,12.457818547862136,17.531963732446997,9.240815651972529,9.737490395552229,9.612825068234606,11.907464147328565,12.314563101994501,9.968939528625675,12.086822179566656,12.374167225098923,14.648724517116513,14.670123821945012,10.406358146004315,12.429369785181144,8.862222312328448,9.507256670441492,30.421101956170336,25.314505643934332,25.381430425173747,23.36013143526772,25.770918406865288,29.293685166501167,24.138860898156643,21.804249819078144,25.301170888809274,26.111699987763814,23.111803669923283,24.715395104513235,24.593407366694166,26.473491680958013,23.527123648630358,22.458933951468683,21.031068296340596,24.273504471044742,24.880007131712404,25.44918852241033,18.57739031078098
CZ071 - Olomouc,13.814285031187076,11.405330466845086,8.961357808305806,22.375285522060118,54.19763139381032,16.05882412100477,17.465651390776273,21.960951777909088,20.476841757342548,12.463948706856769,11.876983447928925,0.0,10.365835040318139,8.267496800450388,16.71770855823537,20.49887840228907,10.818937148273204,12.464728789641377,10.013729265777872,13.368111770858938,12.483344186846026,11.86205870157901,13.158784730423722,12.784052262492452,13.379310746268253,15.285571413942325,10.20737857231208,15.08059030786233,10.0943549873848,10.317274058470371,32.9742009836572,30.99227965738409,31.059204438623503,27.157350267081007,27.146651477053425,34.97145917995093,27.970295267227783,27.4820238325279,25.231181570164644,27.417349583647443,22.038503363920935,27.992931258260246,30.271181380143922,29.449709578446797,29.204897662080114,28.13670796491844,26.708842309790352,29.951278484494498,30.55778114516216,31.126962535860088,24.255164324230737
CZ072 - Zlín,20.248772839851107,16.346594672029024,13.569006867103159,21.554791840801048,55.929176566171925,16.39970384591435,18.464832488142388,24.605244172377688,18.288068892398837,11.264899709038442,11.940134542961129,10.365835040318139,0.0,11.036040566752348,16.99055229177259,15.365590977467694,12.398834420945388,14.384230083306058,9.270277275614394,11.187869120482706,11.03618841795856,13.51469440941559,16.733561867320486,17.02090691285275,12.48235176213721,13.129398718183971,11.249338284971412,16.9621035290916,11.674252260056985,10.107887764309314,35.06784164392417,31.129180498755947,30.878390081884717,28.00687112302155,30.417658094619117,34.79064482321213,28.785600585910473,27.301209475789115,29.947910576563103,30.758439675517643,28.751415779125942,30.201547144850746,30.090367023405136,31.3241033664168,29.02408330534133,27.955893608179654,27.017536208623532,29.770464127755712,30.376966788423374,30.946148179121302,25.955733845058337
CZ080 - Moravian-Silesian,18.07030099140945,14.056262938451205,13.711011350673406,18.38006980431457,54.15124453396936,11.699011270937195,15.29011045165591,21.914564918068127,18.98581790348084,17.402587685494602,18.03073532918525,8.267496800450388,11.036040566752348,0.0,23.37653587099371,16.395831488835924,16.25429018600792,11.31270463785583,12.251406481957801,16.728198945077143,17.422171997179678,9.80982134307736,12.96571674544662,16.64067504340773,11.949379346547609,18.2656961762976,17.63532186419253,23.34808710831272,17.300371869985085,16.493871343530433,30.419395508816592,31.382262349206712,24.252125829691565,21.747055834552135,27.53663416887605,28.026142018726798,25.3349671083605,22.90846374605709,22.60666248458511,25.44297043479896,24.970621553047906,22.51024730719606,24.37087627632302,22.50439241722267,24.570435616561987,24.7067952524225,19.763525148566227,23.005961323270373,24.175065540074606,24.181645374635963,20.646634462723203
PL21 - Małopolskie,14.834511756554932,15.659640472463185,14.156305694627786,27.441812645215446,60.28157493280648,21.125351244160097,22.57281991255348,28.044895316905244,25.543368880497876,15.217835120640192,12.457818547862136,16.71770855823537,16.99055229177259,23.37653587099371,0.0,12.29828600785818,10.200523120530946,14.08807062889382,11.808923976459017,9.837198302730691,12.053257609644017,13.939713301862877,16.17260873496929,16.459953780501557,15.092500059648788,13.83732241457426,10.692438871239997,6.000372715714519,11.664693276483824,9.31931829810523,34.50688851157297,30.777353742255357,30.844278523494772,27.445917990670356,29.856704962267923,34.756533264822195,28.224647453559278,27.26709791739917,29.38695744421191,30.19748654316645,23.337154695829767,28.80118165991587,30.05625546501519,30.559278236360647,28.989971746951383,27.92178204978971,26.49391639466162,29.736352569365767,30.34285523003343,30.912036620731357,24.040238409102006
PL22 - Śląskie,23.61431689697327,21.617407086288647,18.900518915960262,22.577490014196034,53.98856405213989,16.261028613140684,21.771515167148085,23.30572036137862,20.679046249478464,18.46529583517091,17.531963732446997,20.49887840228907,15.365590977467694,16.395831488835924,12.29828600785818,0.0,11.261248278034884,16.053263170545392,10.485149136511197,8.633200681435056,14.610567441770485,11.920646951034364,17.094413650057408,15.830691894572833,7.884238550512816,8.70770007785169,14.043270231803845,11.463082480997095,20.260408662437413,10.181604343818698,33.464193550031744,34.0883866895182,29.798975109678388,31.084544092330518,27.96472265106236,33.71122985100581,27.910231315295075,27.972016398902447,24.32190596809702,30.736715307924023,30.673553133658764,31.603780071464037,29.010952051198807,31.15647201481817,27.944668333135,26.876478635973324,25.458990348671875,28.691049155549383,29.51883861483156,29.866733206914972,25.826477968900065
PL41 - Wielkopolskie,12.353068618938387,15.312642008709663,13.780443966880366,26.236558524852963,58.90703797132148,20.093478647804616,22.22582144879996,26.670358355420248,24.338114760135394,18.50869595334045,9.240815651972529,10.818937148273204,12.398834420945388,16.25429018600792,10.200523120530946,11.261248278034884,0.0,6.965824943908032,9.686334401516657,7.760340095286111,9.397210106782914,7.913661948735147,7.338790047636401,6.2594306599706115,13.1211169337897,15.329978845036923,12.07180177013575,11.219240433618985,9.702629593472508,5.07246694224294,24.306365391042025,23.74791613487766,21.697889615910753,19.823295814295633,19.656181841736977,25.610144357238173,18.608980444515034,18.12070900981515,19.186434323680963,21.880343476624162,19.41230485562388,20.342531793429153,20.909866557431172,20.751382188429695,19.843582839367365,18.77539314220569,17.347527487077603,20.58996366178175,21.19646632244941,21.765647713147338,18.403198889294906
PL42 - Zachodniopomorskie,12.326057390033125,14.745870221542269,13.213672179712972,24.749009014291225,52.63649145091091,18.749312707829457,21.659049661632565,21.21119234079464,22.675176090260667,22.131449783764367,9.737490395552229,12.464728789641377,14.384230083306058,11.31270463785583,14.08807062889382,16.053263170545392,6.965824943908032,0.0,11.015111595287458,10.863754062214738,12.500624073711542,5.480064426287996,5.994624107661242,7.9747318368719,16.224530900718328,17.60476715991276,15.175215737064377,14.322654400547613,9.518000445933822,8.175880909171568,21.130930266716703,22.093797107106823,18.594475648982126,17.618537436438974,18.24816892677616,22.506730390309546,16.346374418680618,16.654260529807758,16.19585539731088,19.56968374824835,19.355797264564075,17.2639729495727,20.386049175649667,18.386529171138754,16.740168872438737,15.671979175277063,14.244113520148975,17.48654969485312,18.16485898261397,18.66223374621871,15.206439911596808
PL43 - Lubuskie,15.929460009643226,11.13225794977745,9.140320090860058,20.67565692543831,54.62004488988583,13.994598392060936,17.58569757277965,22.3833652739846,15.871075591917943,13.705388600240994,9.612825068234606,10.013729265777872,9.270277275614394,12.251406481957801,11.808923976459017,10.485149136511197,9.686334401516657,11.015111595287458,0.0,8.161523380908122,11.10745031508074,10.41244150722509,10.775392967537801,11.334435068138532,8.826710748788063,10.53919567320861,7.738870053472976,11.096680626354917,9.775259525926216,4.778501166573362,31.52458378930328,29.54266246303017,29.609587244269584,25.707733072727088,25.697034282699505,33.52184198559701,26.520678072873864,26.03240663817398,23.98974167678042,25.967732389293523,23.998217851963368,26.543314063906326,28.821564185790002,28.000092384092877,27.755280467726195,26.68709077056452,25.259225115436433,28.50166129014058,29.10816395080824,29.677345341506168,23.2679744242624
PL51 - Dolnośląskie,16.80284972939545,12.984206404853591,12.855671347815015,23.70878573711515,56.51506926631798,17.3923243360598,18.799151605831305,24.27838965041675,21.81034197239758,15.570753091010602,11.907464147328565,13.368111770858938,11.187869120482706,16.728198945077143,9.837198302730691,8.633200681435056,7.760340095286111,10.863754062214738,8.161523380908122,0.0,8.831364988392064,10.26108397415237,9.724477144454951,11.183077535065813,7.10162212854928,11.068530983977947,9.176009990407156,8.361069351307986,11.627207981002357,7.698090266531636,31.37322625623056,29.39130492995745,29.458229711196864,25.55637553965437,25.545676749626786,33.37048445252428,26.369320539801144,25.881049105101262,24.024153451868482,27.14659601819715,24.46415362413149,26.391956530833607,28.670206652717283,27.848734851020158,27.603922934653475,26.5357332374918,25.107867582363713,28.35030375706786,28.95680641773552,29.52598780843345,22.89952615407062
PL52 - Opolskie,20.147853766332968,17.855336640837827,16.32313859900853,27.858475433586783,56.023152679284635,21.341213037361698,24.768516080928123,25.004442942876246,25.759230673699477,16.186585069824986,12.314563101994501,12.483344186846026,11.03618841795856,17.422171997179678,12.053257609644017,14.610567441770485,9.397210106782914,12.500624073711542,11.10745031508074,8.831364988392064,0.0,11.897953985649174,14.2692241705472,14.556569216079467,8.842563963801378,11.006521555167112,7.922476731395676,9.265780080612416,9.610968030342484,7.13168281842599,33.01009626772736,32.8310854265349,31.095099722693668,27.193245551151172,27.953320397845832,35.00735446402109,28.006190551297948,27.517919116598065,27.48357287978982,28.294101978744358,25.781535073765255,28.02882654233041,30.307076664214087,29.48560486251696,29.24079294615028,28.172603248988604,26.744737593860517,29.987173768564663,30.593676429232325,31.162857819930252,27.48636818095214
PL61 - Kujawsko-Pomorskie,13.969837849473368,11.716059810078328,12.578766083653882,22.288774806437615,54.55627383830651,15.972313405382266,17.37914067515377,22.319594222405275,20.390331041720046,20.46230757709752,9.968939528625675,11.86205870157901,13.51469440941559,9.80982134307736,13.939713301862877,11.920646951034364,7.913661948735147,5.480064426287996,10.41244150722509,10.26108397415237,11.897953985649174,0.0,6.251205479274034,7.154669791742872,15.62186081265596,17.002097071850393,14.57254564900201,13.719984312485245,8.915330357871454,7.5732108211092,22.38673794478528,24.08509225812472,19.197145737044494,19.163897141296154,18.090313492036415,23.109400478371914,17.929721459307608,18.56717313285305,17.280661600660842,24.078514877024055,21.396072482958395,21.145791749421157,22.027832656693327,19.988549994334633,18.102053570108865,20.179713468444753,14.846783608211343,18.08921978291549,22.810609982299702,19.26490383428108,18.740375012541968
PL62 - Warmińsko-Mazurskie,12.560276280579554,10.353434474938048,15.421900851521197,21.398475085805675,53.031070633688884,17.20004501878186,17.266613915028344,23.939593943950236,19.500031321088105,24.480781567778795,12.086822179566656,13.158784730423722,16.733561867320486,12.96571674544662,16.17260873496929,17.094413650057408,7.338790047636401,5.994624107661242,10.775392967537801,9.724477144454951,14.2692241705472,6.251205479274034,0.0,6.740124870184069,16.011650605317474,19.815257336706093,14.03593881930459,14.70026221678921,10.347756993158288,7.276065765829937,21.648749111775608,23.384304190588647,19.733752566741913,17.380786951348863,19.939873389590304,23.646007308069333,16.644843395346193,17.676035082256224,16.14509910798604,20.570912934409478,19.149966889494,18.257095035589913,21.190150416162126,18.656205422083776,17.879445790198524,16.81125609303685,15.383390437908762,18.625826612612908,19.303008039685125,19.801510663978497,18.039586945005894
PL63 - Pomorskie,8.301574829461256,11.733662384516911,15.709245897053464,24.38011424519901,57.44333542696322,18.06365284414366,19.470480113915166,25.206655811061992,22.48167048048144,24.76812661331106,12.374167225098923,12.784052262492452,17.02090691285275,16.64067504340773,16.459953780501557,15.830691894572833,6.2594306599706115,7.9747318368719,11.334435068138532,11.183077535065813,14.556569216079467,7.154669791742872,6.740124870184069,0.0,16.543854373569403,20.10260238223836,15.494539209915452,14.987607262321475,10.635102038690555,8.495204382022642,20.190148721164746,20.90100786287851,19.8532837440803,15.253852197757682,15.743093051634123,22.18740691745847,15.186243004735331,14.808218223599166,16.358337683188058,19.69969661612371,16.30344504814782,17.753576413872626,17.48712911765147,18.87613263543868,16.420845399587662,18.304312854695375,14.569565477645412,17.167226222002046,17.773728882669708,18.342910273367636,15.556290617295758
PL71 - Łódzkie,19.140803763336304,15.165132577922037,12.86687032322433,23.51896190052046,52.531264576251225,17.20250049946511,18.609327769236614,20.294584960349994,21.62051813580289,15.459729945384076,14.648724517116513,13.379310746268253,12.48235176213721,11.949379346547609,15.092500059648788,7.884238550512816,13.1211169337897,16.224530900718328,8.826710748788063,7.10162212854928,8.842563963801378,15.62186081265596,16.011650605317474,16.543854373569403,0.0,10.486735796454692,9.18720896581647,12.30006802305688,13.063435804327497,8.735584839487537,36.73400309473415,34.75208176846104,34.819006549700454,30.917152378157958,30.906453588130375,38.73126129102788,31.730097378304734,31.24182594360485,29.22599931456009,31.177151694724394,25.882737149758576,31.752733369337196,34.03098349122087,33.20951168952375,32.964699773157065,31.89651007599539,30.468644420867303,33.711080595571445,34.31758325623911,34.88676464693704,28.014966435307688
PL72 - Świętokrzyskie,20.95670374714723,16.54536883711647,14.526452493424333,23.220080561984364,56.552210566456644,16.903619160929015,18.31044643070052,24.315530950555413,21.321636797266795,14.479395778807152,14.670123821945012,15.285571413942325,13.129398718183971,18.2656961762976,13.83732241457426,8.70770007785169,15.329978845036923,17.60476715991276,10.53919567320861,11.068530983977947,11.006521555167112,17.002097071850393,19.815257336706093,20.10260238223836,10.486735796454692,0.0,14.704373346566086,9.177876392512509,15.248080855944693,12.539191570876156,38.149537113309776,36.13231802765547,36.19924280889489,32.29738863735239,33.49935356400472,40.11149755022231,33.11033363749917,32.622062202799285,33.02960604594871,33.84013514490325,30.53140391751679,33.132969628531626,35.411219750415306,34.589747948718184,34.3449360323515,33.27674633518983,31.848880680061736,35.09131685476588,35.697819515433544,36.26700090613147,29.39520269450212
PL81 - Lubelskie,20.09031637184505,16.188138204022966,11.800047975797824,24.289094176809282,55.614700949755225,17.972632775753933,20.17096579690134,23.378021333853994,22.390650412091713,15.402113478318064,10.406358146004315,10.20737857231208,11.249338284971412,17.63532186419253,10.692438871239997,14.043270231803845,12.07180177013575,15.175215737064377,7.738870053472976,9.176009990407156,7.922476731395676,14.57254564900201,14.03593881930459,15.494539209915452,9.18720896581647,14.704373346566086,0.0,9.590971270939,7.4329867531912726,7.020990343596132,35.6846879310802,33.70276660480709,33.7696913860465,29.867837214504007,29.857138424476425,37.68194612737392,30.680782214650783,30.1925107799509,28.64785194616012,30.127836531070443,28.592959311119884,30.703418205683246,32.98166832756692,32.16019652586979,31.915384609503114,30.84719491234144,29.419329257213352,32.6617654319175,33.26826809258516,33.83744948328309,26.965651271653737
PL82 - Podkarpackie,15.894123470403137,13.263256077751322,13.750292422775928,24.190553737459595,57.86245193870484,17.874092336404246,20.187248126014552,25.625772322803602,22.292109972742026,15.1893863579592,12.429369785181144,15.08059030786233,16.9621035290916,23.34808710831272,6.000372715714519,11.463082480997095,11.219240433618985,14.322654400547613,11.096680626354917,8.361069351307986,9.265780080612416,13.719984312485245,14.70026221678921,14.987607262321475,12.30006802305688,9.177876392512509,9.590971270939,0.0,9.882453357499386,7.424196450959272,34.832126594563434,32.850205268290324,32.91713004952974,29.015275877987243,29.00457708795966,36.82938479085716,29.82822087813402,29.339949443434136,27.914610926031827,29.27527519455368,24.396766409677973,29.85085686916648,32.12910699105016,31.307635189353032,31.06282327298635,29.994633575824675,28.566767920696588,31.809204095400734,32.415706756068396,32.98488814676632,26.113089935136973
PL84 - Podlaskie,16.117828466475093,10.501992542886548,9.130182325376762,20.505131335635504,49.20440837784897,16.292134289750507,17.415171982976844,18.855443664536043,17.76550318330017,14.833792796096734,8.862222312328448,10.0943549873848,11.674252260056985,17.300371869985085,11.664693276483824,20.260408662437413,9.702629593472508,9.518000445933822,9.775259525926216,11.627207981002357,9.610968030342484,8.915330357871454,10.347756993158288,10.635102038690555,13.063435804327497,15.248080855944693,7.4329867531912726,9.882453357499386,0.0,10.078804318618715,30.027472639949643,28.80106012667702,28.112476094915948,24.210621923373452,24.19992313334587,32.024730836243364,25.023566923520228,24.535295488820346,23.562105702400906,24.470621239939888,21.43265994901408,25.04620291455269,27.324453036436367,26.50298123473924,26.25816931837256,25.189979621210885,23.762113966082797,27.004550140786943,27.611052801454605,28.180234192152533,23.456342881094265
PL9 - Mazowieckie,15.728969713770294,11.43580274246995,9.19145578058254,21.2876331580993,54.520073191251406,16.13054688892214,17.636833262502133,22.283393575350175,19.38918939338173,17.204715801948858,9.507256670441492,10.317274058470371,10.107887764309314,16.493871343530433,9.31931829810523,10.181604343818698,5.07246694224294,8.175880909171568,4.778501166573362,7.698090266531636,7.13168281842599,7.5732108211092,7.276065765829937,8.495204382022642,8.735584839487537,12.539191570876156,7.020990343596132,7.424196450959272,10.078804318618715,0.0,28.68535310318739,28.41220137397222,26.770356558153694,22.868502386611198,22.857803596583615,30.682611299481113,23.681447386757974,23.19317595205809,22.31213452422411,25.530463308612497,22.848020914546836,23.707373254908678,25.982333499674112,25.160861697976987,24.916049781610305,23.84786008444863,22.419994429320543,25.66243060402469,26.26893326469235,26.838114655390278,23.067484128389466
SE110 - Stockholm,21.790087982598777,26.229146933333872,33.75618062812488,37.24192738322451,69.05354992762366,35.534324795385544,33.14232637342417,36.816870311722425,35.34348361850694,42.81506134438247,30.421101956170336,32.9742009836572,35.06784164392417,30.419395508816592,34.50688851157297,33.464193550031744,24.306365391042025,21.130930266716703,31.52458378930328,31.37322625623056,33.01009626772736,22.38673794478528,21.648749111775608,20.190148721164746,36.73400309473415,38.149537113309776,35.6846879310802,34.832126594563434,30.027472639949643,28.68535310318739,0.0,9.442460470030301,12.06257725205035,9.724049733787039,13.212774203803033,11.357910160763307,9.988728801329344,19.877720306112188,13.563265922813482,21.596036312776363,15.611493295066438,13.95461902413538,16.12338987348365,13.892704120963508,14.03791606740413,12.343545003617393,21.800805901408406,19.587095438572,22.70737324457162,15.969295649059838,19.409245249322332
SE121 - Uppsala,22.18459521708666,25.333065126138514,31.70898703945896,34.309898107699915,67.59285149450245,35.65385987867178,33.50834827054226,35.35617187860123,29.505316774179548,37.42666266618441,25.314505643934332,30.99227965738409,31.129180498755947,31.382262349206712,30.777353742255357,34.0883866895182,23.74791613487766,22.093797107106823,29.54266246303017,29.39130492995745,32.8310854265349,24.08509225812472,23.384304190588647,20.90100786287851,34.75208176846104,36.13231802765547,33.70276660480709,32.850205268290324,28.80106012667702,28.41220137397222,9.442460470030301,0.0,20.482942068935547,10.557866043562516,10.523620259819763,19.447863600872434,13.357723737372796,16.71287240366791,14.839140126307441,18.504997700946912,19.183725069434082,12.434495191863425,10.26737266024228,9.42260352272629,13.0786160296876,14.23123065574521,21.678960762139994,23.505192268214053,21.266266598816152,15.964454581565194,20.763940052936995
SE122 - Södermanland,17.92041839495633,19.653873971778417,31.775911820698376,28.686865037922054,63.441571464192435,29.328325337374544,24.851195829708065,31.204891848291204,26.285483298822903,33.889632559983674,25.381430425173747,31.059204438623503,30.878390081884717,24.252125829691565,30.844278523494772,29.798975109678388,21.697889615910753,18.594475648982126,29.609587244269584,29.458229711196864,31.095099722693668,19.197145737044494,19.733752566741913,19.8532837440803,34.819006549700454,36.19924280889489,33.7696913860465,32.91713004952974,28.112476094915948,26.770356558153694,12.06257725205035,20.482942068935547,0.0,14.496295806344364,20.285874140668277,13.972307031624286,13.958783192848308,17.64312082916669,16.191318006526863,18.8811374719381,16.43081175113014,23.23691743717854,20.195718395592525,18.648915520167147,16.786683787004854,8.07992832270552,17.412282634914973,14.95853598568641,20.151533120218666,20.041624171168714,14.995279455847491
SE123 - Östergötland,18.103555785718765,22.54261473645386,27.87405764915588,33.834704001280926,64.0959995257662,30.13547555151708,29.455794176544156,31.859319909864976,31.936260236563356,35.75409082347986,23.36013143526772,27.157350267081007,28.00687112302155,21.747055834552135,27.445917990670356,31.084544092330518,19.823295814295633,17.618537436438974,25.707733072727088,25.55637553965437,27.193245551151172,19.163897141296154,17.380786951348863,15.253852197757682,30.917152378157958,32.29738863735239,29.867837214504007,29.015275877987243,24.210621923373452,22.868502386611198,9.724049733787039,10.557866043562516,14.496295806344364,0.0,8.88701900633476,15.884186332455727,8.512028167860489,11.89192427026769,10.089011784863693,19.243908605398154,15.07216660717023,9.628863826667107,11.797634676015377,9.566948923495236,13.551697583186439,11.65455631073624,21.111817208527253,17.58537130530332,19.009112648770483,11.643540451591566,14.115354465210663
SE124 - Örebro,19.225297328173397,22.373767237225252,29.10599707881983,34.52689034344101,66.83486510499816,32.69456198975852,30.549050381628994,34.598185489096934,32.62844657872344,38.16487779507743,25.770918406865288,27.146651477053425,30.417658094619117,27.53663416887605,29.856704962267923,27.96472265106236,19.656181841736977,18.24816892677616,25.697034282699505,25.545676749626786,27.953320397845832,18.090313492036415,19.939873389590304,15.743093051634123,30.906453588130375,33.49935356400472,29.857138424476425,29.00457708795966,24.19992313334587,22.857803596583615,13.212774203803033,10.523620259819763,20.285874140668277,8.88701900633476,0.0,15.237128022276284,8.252288761895365,12.77200546930549,13.07840351858443,16.483649646647947,12.145870640812674,8.824601325306638,9.00140374695338,6.473303797670162,11.819231244778637,15.736131836526983,18.36323602846985,16.759500534367056,17.6627354697459,15.574165667894835,15.040773494191562
SE125 - Västmanland,21.157174148763847,23.566128713105837,35.6881665620258,34.35812036601413,62.35026977810723,33.24058007870197,29.818071289053776,30.113590162206002,32.45967660129656,37.8018873013111,29.293685166501167,34.97145917995093,34.79064482321213,28.026142018726798,34.756533264822195,33.71122985100581,25.610144357238173,22.506730390309546,33.52184198559701,33.37048445252428,35.00735446402109,23.109400478371914,23.646007308069333,22.18740691745847,38.73126129102788,40.11149755022231,37.68194612737392,36.82938479085716,32.024730836243364,30.682611299481113,11.357910160763307,19.447863600872434,13.972307031624286,15.884186332455727,15.237128022276284,0.0,20.813023364774377,22.142545263194066,14.25480630091127,18.645275832391597,15.079773377131236,22.023634394526937,17.34916894542961,16.62808314680451,17.207269022148534,9.792268844691135,18.990123129965017,18.511554027740203,13.248752359626177,22.586749974414538,13.424798793279543
SE211 - Jönköping,18.452635091248318,22.891694041983413,28.687002649302656,32.89483283473237,60.74930510135071,29.252083737371848,29.80487348207371,31.468288106991917,28.090251501212002,36.53282028636878,24.138860898156643,27.970295267227783,28.785600585910473,25.3349671083605,28.224647453559278,27.910231315295075,18.608980444515034,16.346374418680618,26.520678072873864,26.369320539801144,28.006190551297948,17.929721459307608,16.644843395346193,15.186243004735331,31.730097378304734,33.11033363749917,30.680782214650783,29.82822087813402,25.023566923520228,23.681447386757974,9.988728801329344,13.357723737372796,13.958783192848308,8.512028167860489,8.252288761895365,20.813023364774377,0.0,11.710727819520725,10.164309214954885,18.132378214283193,14.519502166681416,9.278134244330234,10.576243142449615,7.543166888107773,11.072736422740428,13.940820923548305,15.53890906766664,14.259288245471508,15.941586969852299,15.455561676738363,15.111935888885444
SE212 - Kronoberg,22.102821657380982,26.541880608116077,28.198731214602773,36.54501940086503,61.575955665176984,30.43072368242444,33.45506004820638,31.496613868980628,31.740438067344666,30.75227557374392,21.804249819078144,27.4820238325279,27.301209475789115,22.90846374605709,27.26709791739917,27.972016398902447,18.12070900981515,16.654260529807758,26.03240663817398,25.881049105101262,27.517919116598065,18.56717313285305,17.676035082256224,14.808218223599166,31.24182594360485,32.622062202799285,30.1925107799509,29.339949443434136,24.535295488820346,23.19317595205809,19.877720306112188,16.71287240366791,17.64312082916669,11.89192427026769,12.77200546930549,22.142545263194066,11.710727819520725,0.0,11.984747709890884,17.748969010101952,15.4194061412778,11.053693664134629,12.074044391529942,15.747717282336229,12.377449682124807,15.566677181416598,11.72423029606696,13.676646443343925,16.45254114757516,16.969291793861995,15.608409258272953
SE213 - Kalmar,19.207523490186276,23.64658244092137,28.636249560763815,33.64972123367033,62.77766624559037,30.41439372802448,30.559761881011667,30.540986629689133,28.84513990014996,37.69513027702141,25.301170888809274,25.231181570164644,29.947910576563103,22.60666248458511,29.38695744421191,24.32190596809702,19.186434323680963,16.19585539731088,23.98974167678042,24.024153451868482,27.48357287978982,17.280661600660842,16.14509910798604,16.358337683188058,29.22599931456009,33.02960604594871,28.64785194616012,27.914610926031827,23.562105702400906,22.31213452422411,13.563265922813482,14.839140126307441,16.191318006526863,10.089011784863693,13.07840351858443,14.25480630091127,10.164309214954885,11.984747709890884,0.0,12.730194329035534,10.972936658776096,10.732966122803925,12.727792532684711,10.079486022539832,11.595748756774206,14.642347117141938,13.941442262600368,13.459544014414146,14.13512787138605,17.032545293741567,12.054723778148873
SE214 - Gotland,25.451778506828077,29.890837457563173,29.446778659718355,39.89397625031213,65.17213330293811,33.212917716934754,36.80401689765347,32.93545368703687,35.08939491679176,38.50565937597595,26.111699987763814,27.417349583647443,30.758439675517643,25.44297043479896,30.19748654316645,30.736715307924023,21.880343476624162,19.56968374824835,25.967732389293523,27.14659601819715,28.294101978744358,24.078514877024055,20.570912934409478,19.69969661612371,31.177151694724394,33.84013514490325,30.127836531070443,29.27527519455368,24.470621239939888,25.530463308612497,21.596036312776363,18.504997700946912,18.8811374719381,19.243908605398154,16.483649646647947,18.645275832391597,18.132378214283193,17.748969010101952,12.730194329035534,0.0,18.55020774906238,19.942739308921112,19.486389240593066,16.46905085280926,18.18780573699095,14.348337167343228,21.045443441768285,22.871674947842344,22.23349721273923,26.187442114276028,16.90918744872352
SE221 - Blekinge,23.423690535374973,26.324863593621536,25.093590031774575,40.548441975299674,59.37093803148174,34.231980574244325,35.63880784401583,35.395218225410524,38.649998210582105,31.0290293291954,23.111803669923283,22.038503363920935,28.751415779125942,24.970621553047906,23.337154695829767,30.673553133658764,19.41230485562388,19.355797264564075,23.998217851963368,24.46415362413149,25.781535073765255,21.396072482958395,19.149966889494,16.30344504814782,25.882737149758576,30.53140391751679,28.592959311119884,24.396766409677973,21.43265994901408,22.848020914546836,15.611493295066438,19.183725069434082,16.43081175113014,15.07216660717023,12.145870640812674,15.079773377131236,14.519502166681416,15.4194061412778,10.972936658776096,18.55020774906238,0.0,14.523095349057014,14.880047649194953,12.948899410753075,11.139082564696466,14.118390993486369,13.77201304555663,13.834258528939525,16.306140799323256,16.865512135893596,11.59240955139396
